"01-01-2001",2,2,2,2,2,2,2,2,2,2,2,2,2,2,2,2,2,2,2,2,5,3,3,3
"02-01-2001",3,4,3,3,5,5,6,7,8,10,8,8,8,8,8,8,7,8,8,10,9,8,6,5
"03-01-2001",4,3,3,2,2,2,2,7,5,2,2,4,5,5,5,5,5,11,15,15,10,6,7,7
"04-01-2001",5,3,3,2,2,2,3,6,3,11,8,5,5,4,3,2,6,7,9,12,18,19,14,8
"05-01-2001",7,5,6,7,5,5,6,7,15,16,18,11,11,11,10,8,7,8,5,5,7,7,7,5
"06-01-2001",3,4,3,2,2,3,3,3,4,3,4,4,4,4,3,4,5,4,7,9,10,10,10,7
"07-01-2001",6,5,4,3,4,3,2,2,3,3,6,6,7,8,7,7,7,9,11,15,15,10,9,9
"08-01-2001",7,6,4,2,2,2,2,2,2,2,4,7,6,6,5,7,5,7,8,6,8,12,19,13
"09-01-2001",8,5,5,5,4,4,4,3,5,10,5,3,9,4,9,4,2,3,3,3,2,3,5,3
"10-01-2001",2,3,3,3,2,4,8,11,12,16,5,4,3,3,2,3,4,11,22,14,21,9,9,8
"11-01-2001",7,4,5,4,2,3,4,6,9,20,6,5,5,5,18,4,6,12,14,17,18,20,14,12
"12-01-2001",11,7,4,5,4,3,7,5,10,12,8,6,5,4,5,6,8,11,15,22,27,13,11,10
"13-01-2001",5,8,8,6,5,5,5,7,9,10,8,8,7,7,12,12,12,12,12,12,14,11,12,8
"14-01-2001",9,6,5,5,4,4,4,4,5,5,3,2,2,2,2,2,2,2,2,2,2,2,2,2
"15-01-2001",2,2,2,2,2,2,2,2,-9999,-9999,-9999,-9999,4,4,4,4,4,5,5,5,5,6,5,4
"16-01-2001",4,4,3,3,3,3,3,3,3,4,4,4,4,4,5,4,3,3,4,4,5,5,5,5
"17-01-2001",5,4,4,4,5,5,6,5,6,6,7,7,6,5,4,4,4,5,5,5,6,5,5,4
"18-01-2001",4,3,4,4,5,5,5,6,8,8,8,8,9,9,10,12,15,12,12,14,14,12,12,12
"19-01-2001",8,8,6,6,7,5,8,6,8,8,9,10,11,10,10,10,11,11,10,12,14,13,8,6
"20-01-2001",7,4,4,3,3,3,4,3,4,5,5,4,4,4,4,3,3,3,4,6,6,7,5,4
"21-01-2001",4,5,3,3,4,4,5,4,4,4,3,3,2,2,3,3,3,3,4,4,4,3,3,3
"22-01-2001",2,2,2,2,2,2,2,2,2,2,3,2,3,3,3,3,3,3,4,8,6,6,6,4
"23-01-2001",2,3,2,2,2,3,3,3,4,5,4,3,3,3,3,3,3,3,4,4,4,3,3,3
"24-01-2001",3,2,2,2,2,2,2,3,4,7,6,7,8,10,8,4,5,4,4,3,3,3,3,3
"25-01-2001",2,2,2,2,2,2,2,2,5,3,3,4,6,5,4,5,5,5,7,8,9,7,8,8
"26-01-2001",9,9,7,5,3,4,5,8,9,16,16,20,16,15,17,15,12,13,13,11,10,9,7,5
"27-01-2001",3,3,2,2,2,2,6,5,6,10,13,12,7,5,6,6,7,5,4,8,7,6,3,3
"28-01-2001",2,2,2,3,2,2,13,20,18,14,10,9,6,4,4,4,10,10,8,8,7,7,8,12
"29-01-2001",17,23,38,28,14,11,11,9,7,4,3,3,3,-9999,-9999,4,3,2,2,2,2,2,2,2
"30-01-2001",2,2,2,2,2,2,2,2,2,2,2,2,2,2,2,2,2,2,2,2,2,2,2,2
"31-01-2001",2,2,2,2,2,2,2,3,6,9,16,14,5,4,5,5,5,4,4,5,6,4,3,3
"01-02-2001",3,2,2,2,2,2,3,7,5,4,3,3,3,2,2,2,2,6,6,4,2,5,3,2
"02-02-2001",2,2,2,2,2,2,3,6,7,6,6,6,6,5,4,2,2,2,2,2,2,2,2,2
"03-02-2001",2,2,2,3,4,5,8,9,7,9,8,8,9,8,7,6,6,7,10,13,11,9,10,9
"04-02-2001",5,4,3,5,5,4,4,4,8,7,6,8,7,7,6,6,6,10,12,11,11,9,7,6
"05-02-2001",7,6,7,7,5,4,6,9,8,6,6,7,6,4,2,2,2,3,7,8,6,5,6,5
"06-02-2001",4,4,4,2,3,4,5,9,11,11,6,5,4,2,2,2,2,3,4,6,10,14,15,9
"07-02-2001",7,6,4,4,3,4,5,9,14,9,6,5,4,3,3,3,2,4,4,8,10,12,12,9
"08-02-2001",6,4,5,4,3,2,4,8,11,7,7,7,6,6,8,7,7,6,6,9,13,14,9,10
"09-02-2001",7,5,5,4,4,8,5,8,-9999,-9999,12,12,14,51,28,19,12,10,9,16,23,17,12,10
"10-02-2001",8,7,4,3,4,4,5,9,10,10,13,13,15,11,8,7,8,5,4,4,6,5,6,5
"11-02-2001",4,3,2,2,2,2,2,2,3,3,4,4,3,4,3,4,6,6,4,4,3,3,2,2
"12-02-2001",2,2,2,2,2,2,2,2,2,2,2,2,2,2,2,2,2,2,3,2,2,3,2,2
"13-02-2001",2,2,2,2,2,2,2,2,3,4,4,4,4,5,6,6,6,6,5,9,10,10,8,5
"14-02-2001",4,2,2,2,2,2,4,7,5,5,6,8,8,8,8,-9999,8,10,13,13,11,13,15,10
"15-02-2001",10,6,6,6,5,7,9,8,6,5,4,3,3,4,3,3,2,3,3,3,3,3,3,4
"16-02-2001",3,4,7,6,6,6,8,8,8,7,7,9,7,5,4,4,4,5,7,11,11,11,10,6
"17-02-2001",7,5,5,4,4,7,8,11,12,9,7,7,7,6,6,5,6,8,10,9,14,13,13,10
"18-02-2001",8,6,5,6,4,6,5,9,10,9,8,7,7,6,6,6,6,8,9,15,11,10,10,5
"19-02-2001",5,4,3,3,2,2,2,4,10,4,3,2,3,4,4,3,3,3,3,3,4,6,3,2
"20-02-2001",2,2,2,2,5,6,8,15,14,6,4,3,3,4,3,4,5,7,8,8,10,11,7,8
"21-02-2001",6,5,5,4,4,5,8,12,13,-9999,-9999,7,8,9,8,7,-9999,7,8,16,13,9,9,6
"22-02-2001",9,7,6,4,4,4,6,6,5,-9999,-9999,-9999,5,6,6,6,3,3,6,10,11,13,14,8
"23-02-2001",9,6,6,4,4,5,6,8,13,10,7,5,3,2,2,2,2,2,3,4,5,8,7,4
"24-02-2001",4,4,4,3,3,4,4,6,6,5,2,2,2,2,2,2,3,3,8,8,7,7,7,4
"25-02-2001",3,2,2,2,2,2,2,3,3,3,2,2,3,3,2,2,2,2,3,6,6,5,4,4
"26-02-2001",3,2,4,4,3,2,2,3,3,4,2,2,3,2,2,2,3,2,2,2,2,2,2,2
"27-02-2001",4,3,3,2,2,2,4,3,3,4,3,3,2,2,4,4,2,2,4,6,8,8,5,4
"28-02-2001",3,4,3,3,3,4,4,6,8,6,5,5,4,6,8,6,7,6,6,7,5,5,5,4
"01-03-2001",5,3,3,3,2,2,2,3,6,7,6,6,8,7,4,3,2,2,2,2,2,2,2,2
"02-03-2001",2,2,3,2,2,3,3,3,3,3,3,3,3,3,3,3,2,2,3,3,4,2,2,2
"03-03-2001",2,2,2,2,2,2,2,2,2,2,2,2,3,3,2,2,4,7,3,3,6,11,14,21
"04-03-2001",25,19,15,13,11,9,10,11,8,4,3,4,3,2,2,2,2,2,4,6,6,7,4,4
"05-03-2001",3,2,2,2,2,2,2,3,3,3,3,4,3,2,2,2,2,2,3,5,8,8,5,5
"06-03-2001",9,4,2,2,2,3,8,7,6,7,7,6,5,6,6,5,4,5,14,5,3,3,2,2
"07-03-2001",2,2,2,2,2,2,2,2,2,2,2,2,2,2,2,2,2,2,2,2,2,2,3,3
"08-03-2001",2,4,5,5,6,5,4,5,14,27,28,21,12,9,7,7,8,7,5,5,5,7,5,3
"09-03-2001",3,2,2,3,3,3,4,10,12,7,6,6,6,5,5,4,4,6,8,9,9,13,10,7
"10-03-2001",7,4,4,4,3,3,5,7,7,8,9,9,8,7,7,7,6,8,9,12,7,9,7,7
"11-03-2001",5,4,4,4,3,3,3,3,4,5,6,7,7,9,9,9,10,9,5,5,5,5,4,3
"12-03-2001",3,2,2,2,2,2,2,3,4,4,5,6,6,4,3,3,3,3,5,4,4,4,3,3
"13-03-2001",2,2,2,2,2,2,3,3,2,3,4,4,3,3,3,2,2,2,2,4,4,4,3,3
"14-03-2001",2,2,2,2,2,2,2,3,-9999,-9999,-9999,-9999,2,2,2,2,2,2,2,3,3,3,2,2
"15-03-2001",2,2,2,2,2,2,2,22,31,4,3,2,2,2,2,2,2,2,3,4,4,4,3,2
"16-03-2001",2,2,2,2,2,2,2,4,4,4,3,3,2,3,2,2,2,2,3,8,11,5,5,5
"17-03-2001",4,3,2,2,2,2,2,5,4,4,5,5,4,2,2,2,2,2,2,2,3,4,3,2
"18-03-2001",2,2,2,2,2,3,3,4,5,5,5,3,2,2,4,4,5,5,6,5,3,3,3,3
"19-03-2001",2,2,2,2,2,3,2,6,15,18,19,15,15,14,13,8,8,11,11,9,8,7,6,5
"20-03-2001",3,4,2,2,2,2,2,3,3,4,4,3,2,2,2,2,2,2,2,2,2,2,2,2
"21-03-2001",2,2,2,2,2,2,2,3,2,3,4,4,3,2,2,2,2,2,2,2,2,2,3,2
"22-03-2001",2,2,2,2,2,2,2,3,3,4,4,3,3,3,2,2,2,2,2,2,2,2,2,2
"23-03-2001",2,2,2,2,2,2,2,2,2,2,2,2,2,2,2,2,3,2,2,2,2,2,3,2
"24-03-2001",2,2,2,2,2,2,2,2,3,3,3,3,2,2,2,2,2,2,2,3,2,3,2,2
"25-03-2001",2,2,2,2,2,2,2,2,2,3,3,3,2,3,2,2,2,2,2,2,2,2,2,2
"26-03-2001",2,2,2,2,2,3,4,8,7,6,6,3,3,2,2,2,2,2,2,2,8,8,4,3
"27-03-2001",3,2,2,3,2,3,3,5,3,3,4,4,3,4,2,2,2,2,2,2,2,2,3,3
"28-03-2001",2,2,2,7,2,2,2,4,3,2,2,2,2,2,2,2,2,2,2,2,2,2,2,2
"29-03-2001",2,2,2,2,2,2,2,2,2,2,2,3,5,6,4,4,4,5,7,2,2,2,2,2
"30-03-2001",2,2,2,2,2,2,2,2,2,2,2,2,2,2,2,2,2,2,2,2,2,2,2,2
"31-03-2001",2,2,2,2,2,2,2,2,2,2,2,2,2,2,2,2,2,2,2,2,2,2,2,2
"01-04-2001",2,2,2,2,2,2,2,2,2,2,2,2,2,2,2,2,2,2,2,2,2,2,2,2
"02-04-2001",2,2,2,2,2,2,2,2,2,2,2,2,3,3,3,4,4,3,3,4,4,5,4,3
"03-04-2001",3,3,3,3,3,3,4,4,3,3,3,3,3,4,4,6,6,7,7,6,6,4,3,2
"04-04-2001",2,2,2,2,2,2,4,6,4,6,7,8,15,17,18,18,17,17,15,13,10,9,7,4
"05-04-2001",3,2,2,2,2,2,4,3,5,7,8,7,5,4,3,3,2,2,2,3,4,4,2,2
"06-04-2001",2,2,2,2,2,2,4,4,5,3,2,2,2,2,2,2,2,3,3,4,4,3,3,2
"07-04-2001",2,2,2,2,2,2,2,3,3,3,3,3,4,3,3,3,2,2,3,4,2,3,3,2
"08-04-2001",2,2,2,2,2,2,2,2,2,2,3,4,6,7,4,3,9,10,9,6,5,3,2,2
"09-04-2001",2,2,2,2,2,2,2,2,2,2,2,2,2,2,2,2,2,2,2,2,2,2,2,2
"10-04-2001",2,2,2,2,2,2,2,2,2,2,2,2,2,2,2,2,2,2,2,2,2,2,2,2
"11-04-2001",2,2,2,2,2,2,2,2,-9999,-9999,-9999,-9999,-9999,-9999,2,2,3,6,3,5,4,4,5,4
"12-04-2001",3,2,2,2,3,5,3,4,2,4,14,11,7,6,8,8,4,2,2,3,2,3,6,2
"13-04-2001",2,2,2,2,2,2,2,2,2,2,2,2,2,2,2,2,2,3,2,2,2,3,2,2
"14-04-2001",2,2,2,2,2,2,3,4,8,8,5,5,4,4,4,3,2,4,6,3,3,3,2,3
"15-04-2001",2,2,3,5,5,3,12,4,2,2,2,2,2,2,2,2,2,2,2,2,3,2,2,2
"16-04-2001",2,2,2,2,2,2,4,3,3,2,2,2,2,2,2,2,2,2,2,2,4,3,3,2
"17-04-2001",2,2,2,2,2,2,2,2,3,3,5,7,6,9,8,6,5,4,3,5,5,4,3,3
"18-04-2001",3,2,2,2,2,2,3,3,3,6,6,5,2,2,2,2,2,2,2,3,3,3,2,2
"19-04-2001",2,2,2,2,2,2,4,5,3,3,3,3,2,2,2,2,2,2,2,3,4,5,3,4
"20-04-2001",5,7,7,3,4,4,4,5,5,4,3,2,2,2,2,2,2,2,2,4,2,2,2,2
"21-04-2001",2,2,2,2,2,2,2,2,2,2,2,2,2,2,2,2,2,2,2,2,2,2,3,4
"22-04-2001",3,2,2,2,2,2,2,2,2,2,3,10,7,2,2,2,2,2,2,2,2,3,2,2
"23-04-2001",2,2,2,2,2,2,2,2,2,2,2,2,2,2,2,2,2,2,2,2,2,2,2,2
"24-04-2001",2,2,3,2,2,2,2,2,2,2,2,2,2,2,2,2,2,2,2,2,2,2,2,2
"25-04-2001",2,2,2,2,2,2,3,2,2,2,2,2,2,2,2,2,2,2,2,2,5,2,2,2
"26-04-2001",2,2,2,2,2,2,3,2,2,3,3,2,2,2,2,2,2,3,2,2,2,2,3,2
"27-04-2001",2,2,2,2,2,2,2,2,2,3,2,3,2,2,3,2,2,2,2,3,3,2,2,2
"28-04-2001",2,2,2,2,2,2,3,3,3,4,4,2,2,3,5,5,4,3,3,3,3,3,2,2
"29-04-2001",2,2,2,2,2,2,2,5,5,6,5,4,4,3,3,3,4,4,4,5,3,3,4,4
"30-04-2001",3,2,2,2,2,2,2,2,2,2,2,2,2,2,2,2,2,2,2,2,2,2,2,2
"01-05-2001",2,2,2,2,2,2,2,2,2,2,2,2,2,2,2,3,4,2,2,2,2,2,2,2
"02-05-2001",2,2,2,2,2,2,2,2,2,2,2,2,2,2,2,2,2,2,2,2,2,2,2,2
"03-05-2001",2,2,2,2,2,2,4,2,2,2,2,2,2,3,2,4,3,2,3,2,3,2,2,2
"04-05-2001",2,2,2,2,2,4,4,7,2,2,2,2,3,3,5,7,5,3,3,3,4,5,3,3
"05-05-2001",3,2,2,2,2,2,4,5,7,9,9,5,4,3,4,3,2,2,2,2,2,2,2,2
"06-05-2001",2,2,2,2,2,2,2,2,2,2,2,2,3,2,2,2,2,2,2,2,2,2,2,2
"07-05-2001",2,2,2,2,3,3,3,4,3,2,2,2,2,2,2,2,2,2,2,2,2,2,2,2
"08-05-2001",2,2,2,2,2,2,4,5,6,6,2,2,2,2,2,2,2,2,2,2,2,2,2,2
"09-05-2001",2,2,2,2,2,5,2,7,3,4,4,4,3,3,4,2,3,3,6,4,3,8,8,6
"10-05-2001",2,2,2,2,2,2,2,2,2,5,4,4,4,2,2,2,2,2,2,2,2,2,2,2
"11-05-2001",2,2,2,2,2,2,2,2,2,2,2,2,2,2,2,2,3,5,5,6,15,2,2,2
"12-05-2001",2,2,2,2,2,2,2,3,4,7,6,5,4,3,2,3,5,5,4,6,4,3,2,2
"13-05-2001",2,2,2,2,2,2,2,2,2,2,2,2,2,2,2,2,2,2,2,2,2,2,2,2
"14-05-2001",2,2,2,2,2,2,2,2,2,2,2,2,2,2,2,2,2,2,2,2,4,4,5,7
"15-05-2001",8,3,2,2,2,2,3,4,10,7,4,2,2,2,2,2,2,2,2,2,2,2,2,2
"16-05-2001",2,2,2,2,2,2,2,2,3,6,5,2,2,2,2,2,2,2,2,4,2,2,3,2
"17-05-2001",2,2,2,2,2,2,3,2,-9999,-9999,-9999,-9999,-9999,-9999,-9999,-9999,-9999,2,2,2,2,3,2,2
"18-05-2001",2,2,2,2,2,2,3,4,3,3,3,3,2,2,2,2,2,4,6,15,11,10,6,4
"19-05-2001",3,2,2,3,3,7,6,6,6,5,5,4,3,3,2,2,2,2,2,2,2,2,2,2
"20-05-2001",2,2,2,2,2,3,2,2,2,2,2,3,3,4,4,4,4,5,4,4,4,4,3,2
"21-05-2001",2,2,2,2,2,2,2,3,2,2,3,3,2,2,2,2,2,2,2,2,2,2,4,6
"22-05-2001",3,3,2,2,2,2,2,2,3,4,10,10,9,8,8,8,8,7,8,8,10,7,9,6
"23-05-2001",6,6,24,17,10,7,6,12,9,7,7,6,5,6,5,3,4,4,4,3,2,2,2,2
"24-05-2001",2,2,2,2,2,2,2,2,2,2,2,2,2,2,2,2,2,2,2,2,2,2,2,2
"25-05-2001",2,2,2,2,2,2,2,2,2,2,2,2,2,2,2,2,2,2,2,2,2,2,2,2
"26-05-2001",2,2,2,2,2,2,2,2,2,2,2,2,2,2,2,2,2,2,2,2,2,2,2,2
"27-05-2001",2,2,2,2,2,2,2,2,2,2,2,2,2,2,3,5,8,8,6,4,3,2,2,2
"28-05-2001",2,2,2,2,2,2,2,2,3,3,3,3,3,2,2,2,2,2,2,2,2,2,2,2
"29-05-2001",2,2,2,2,2,2,2,2,3,4,4,3,2,2,2,2,2,2,2,3,3,3,2,2
"30-05-2001",2,2,2,2,2,2,2,2,2,2,2,2,2,2,2,2,2,2,2,2,2,2,2,2
"31-05-2001",2,2,2,2,2,2,2,2,2,2,2,2,2,2,2,2,2,2,2,2,2,2,2,3
"01-06-2001",2,2,2,2,2,2,2,3,3,2,2,2,2,2,2,2,2,4,2,2,3,3,2,2
"02-06-2001",2,2,2,2,2,7,4,6,5,6,3,3,3,3,4,3,7,17,12,4,5,3,3,2
"03-06-2001",2,2,2,2,2,2,2,2,6,9,8,13,16,12,10,5,3,2,2,2,2,2,2,2
"04-06-2001",2,2,2,2,2,2,2,2,2,2,2,13,11,3,2,2,2,2,2,2,2,2,2,2
"05-06-2001",2,2,2,2,2,2,2,2,15,2,2,27,11,2,2,2,2,2,7,11,9,4,2,2
"06-06-2001",3,2,2,2,2,2,2,2,3,6,6,5,5,3,3,5,4,2,2,2,2,2,2,2
"07-06-2001",2,2,2,2,2,2,3,3,4,4,2,2,2,2,2,2,2,2,2,2,2,2,2,2
"08-06-2001",2,2,2,2,2,3,2,3,3,3,4,3,2,3,2,2,2,2,2,2,2,2,2,2
"09-06-2001",2,2,2,2,2,2,2,2,3,2,2,2,2,2,2,2,3,3,4,7,8,4,3,2
"10-06-2001",2,2,2,2,2,3,7,6,8,7,6,3,4,4,4,4,4,4,6,8,8,5,4,4
"11-06-2001",3,2,2,2,3,3,5,7,7,6,5,3,3,3,3,2,2,2,2,2,7,5,4,3
"12-06-2001",3,6,5,3,3,6,15,-9999,-9999,-9999,-9999,-9999,-9999,2,2,2,2,2,2,2,2,2,2,2
"13-06-2001",2,3,4,2,2,2,2,2,2,2,2,4,4,-9999,-9999,-9999,-9999,-9999,-9999,-9999,-9999,-9999,-9999,-9999
"14-06-2001",-9999,-9999,-9999,-9999,-9999,-9999,-9999,3,3,3,3,2,2,3,5,6,10,6,7,4,5,3,2,3
"15-06-2001",2,2,2,2,3,2,2,2,4,8,5,4,4,4,3,3,3,3,3,3,2,3,3,2
"16-06-2001",2,2,2,2,2,2,3,3,3,3,3,3,4,4,4,3,3,3,3,4,3,10,7,5
"17-06-2001",3,2,2,2,2,2,4,4,5,8,6,3,3,4,5,6,5,3,3,3,3,2,2,2
"18-06-2001",2,2,2,2,2,2,2,3,4,4,4,3,3,3,2,2,2,2,2,2,2,2,2,2
"19-06-2001",3,3,3,2,2,2,2,2,3,3,5,5,4,4,2,2,2,2,2,2,2,2,2,2
"20-06-2001",2,2,2,2,2,2,3,6,5,3,2,2,2,2,2,2,2,2,2,2,2,2,2,2
"21-06-2001",2,2,2,2,2,2,3,3,4,4,3,3,2,2,2,2,2,2,2,2,2,2,2,2
"22-06-2001",2,2,2,2,2,2,2,3,3,3,2,2,2,2,2,2,2,2,2,2,2,2,2,2
"23-06-2001",2,2,2,2,2,2,2,2,3,3,2,2,2,2,2,2,2,2,2,2,2,2,2,2
"24-06-2001",2,2,2,2,2,2,2,3,3,3,3,3,3,3,3,2,2,2,2,2,2,2,2,2
"25-06-2001",2,2,2,2,2,2,2,3,3,3,4,5,4,3,3,3,3,3,3,3,2,2,2,2
"26-06-2001",2,2,2,2,2,2,3,3,3,3,3,3,3,2,2,2,2,2,2,2,3,3,2,2
"27-06-2001",2,2,2,2,2,2,2,3,3,3,3,3,4,4,4,4,4,5,8,5,4,5,5,4
"28-06-2001",2,2,2,2,2,2,3,4,4,4,4,3,3,2,4,2,2,2,2,5,6,4,3,2
"29-06-2001",2,2,2,2,2,2,4,3,3,4,3,3,4,4,4,4,5,5,4,4,4,4,3,3
"30-06-2001",3,2,2,2,2,2,4,6,5,6,4,3,2,2,2,2,3,3,2,3,3,3,2,2
"01-07-2001",2,2,2,2,2,2,2,3,3,3,3,3,3,3,2,2,3,3,2,2,2,2,2,3
"02-07-2001",2,2,2,2,2,2,2,3,3,4,3,3,3,2,-9999,-9999,-9999,-9999,-9999,-9999,-9999,-9999,-9999,-9999
"03-07-2001",-9999,-9999,-9999,-9999,-9999,-9999,-9999,-9999,-9999,-9999,-9999,-9999,-9999,-9999,-9999,-9999,-9999,-9999,-9999,-9999,-9999,-9999,-9999,-9999
"04-07-2001",-9999,-9999,-9999,-9999,-9999,-9999,-9999,-9999,-9999,-9999,-9999,-9999,-9999,-9999,-9999,-9999,-9999,-9999,-9999,-9999,-9999,-9999,-9999,-9999
"05-07-2001",-9999,-9999,-9999,-9999,-9999,-9999,-9999,-9999,-9999,-9999,-9999,-9999,-9999,-9999,-9999,-9999,-9999,-9999,-9999,-9999,-9999,-9999,-9999,-9999
"06-07-2001",-9999,-9999,-9999,-9999,-9999,-9999,-9999,-9999,-9999,-9999,-9999,-9999,-9999,-9999,-9999,-9999,-9999,-9999,-9999,-9999,-9999,-9999,-9999,-9999
"07-07-2001",-9999,-9999,-9999,-9999,-9999,-9999,-9999,-9999,-9999,-9999,-9999,-9999,-9999,-9999,-9999,-9999,-9999,-9999,-9999,-9999,-9999,-9999,-9999,-9999
"08-07-2001",-9999,-9999,-9999,-9999,-9999,-9999,-9999,-9999,-9999,-9999,-9999,-9999,-9999,-9999,-9999,-9999,-9999,-9999,-9999,-9999,-9999,-9999,-9999,-9999
"09-07-2001",-9999,-9999,-9999,-9999,-9999,-9999,-9999,-9999,-9999,-9999,-9999,-9999,-9999,-9999,-9999,-9999,-9999,-9999,-9999,-9999,-9999,-9999,-9999,-9999
"10-07-2001",-9999,-9999,-9999,-9999,-9999,-9999,-9999,-9999,-9999,-9999,-9999,-9999,-9999,-9999,-9999,-9999,-9999,-9999,-9999,-9999,-9999,-9999,-9999,-9999
"11-07-2001",-9999,-9999,-9999,-9999,-9999,-9999,-9999,-9999,-9999,-9999,-9999,-9999,-9999,-9999,-9999,-9999,-9999,-9999,-9999,-9999,-9999,-9999,-9999,-9999
"12-07-2001",-9999,-9999,-9999,-9999,-9999,-9999,-9999,-9999,-9999,-9999,-9999,-9999,-9999,-9999,-9999,-9999,-9999,-9999,-9999,-9999,-9999,-9999,-9999,-9999
"13-07-2001",-9999,-9999,-9999,-9999,-9999,-9999,-9999,-9999,-9999,-9999,-9999,-9999,-9999,-9999,-9999,-9999,-9999,-9999,-9999,-9999,-9999,-9999,-9999,-9999
"14-07-2001",-9999,-9999,-9999,-9999,-9999,-9999,-9999,-9999,-9999,-9999,-9999,-9999,-9999,-9999,-9999,-9999,-9999,-9999,-9999,-9999,-9999,-9999,-9999,-9999
"15-07-2001",-9999,-9999,-9999,-9999,-9999,-9999,-9999,-9999,-9999,-9999,-9999,-9999,-9999,-9999,-9999,-9999,-9999,-9999,-9999,-9999,-9999,-9999,-9999,-9999
"16-07-2001",-9999,-9999,-9999,-9999,-9999,-9999,-9999,-9999,-9999,-9999,-9999,-9999,-9999,-9999,-9999,-9999,-9999,-9999,-9999,-9999,-9999,-9999,-9999,-9999
"17-07-2001",-9999,-9999,-9999,-9999,-9999,-9999,-9999,-9999,-9999,-9999,-9999,-9999,-9999,-9999,-9999,-9999,-9999,-9999,-9999,-9999,-9999,-9999,-9999,-9999
"18-07-2001",-9999,-9999,-9999,-9999,-9999,-9999,-9999,-9999,-9999,4,4,5,5,4,4,3,3,3,3,3,3,3,2,2
"19-07-2001",2,2,2,2,2,2,2,2,2,5,5,6,5,6,6,5,5,6,6,5,6,3,3,3
"20-07-2001",2,2,2,2,2,2,3,3,3,4,6,6,5,5,5,5,5,4,4,5,5,4,2,2
"21-07-2001",2,2,2,2,2,2,2,4,7,22,16,12,9,10,9,7,3,2,3,2,2,2,2,2
"22-07-2001",2,2,2,2,2,2,18,-9999,-9999,-9999,-9999,-9999,-9999,-9999,2,3,3,3,2,2,2,2,2,2
"23-07-2001",2,2,2,2,2,2,2,2,2,2,2,2,2,2,2,2,2,2,2,2,2,2,2,2
"24-07-2001",2,2,2,2,2,2,2,2,2,2,2,2,2,2,2,2,2,2,3,2,2,2,2,2
"25-07-2001",2,2,2,2,2,2,2,2,2,2,2,2,2,2,2,2,2,2,2,2,2,2,2,2
"26-07-2001",2,2,2,2,2,2,2,2,2,2,2,2,2,2,2,2,2,2,2,2,2,2,2,2
"27-07-2001",2,2,2,2,2,2,2,2,2,2,2,2,2,2,2,2,2,2,2,2,2,2,2,2
"28-07-2001",2,2,2,2,2,2,2,2,2,2,2,2,2,2,2,2,2,2,2,2,2,2,2,2
"29-07-2001",2,2,2,2,2,2,2,2,2,2,2,2,2,2,2,2,2,2,2,2,2,2,2,2
"30-07-2001",2,2,2,2,2,2,2,2,2,2,2,2,2,2,2,2,2,2,2,2,2,2,2,2
"31-07-2001",2,2,2,2,2,2,2,2,2,2,2,2,2,2,2,2,2,2,2,2,2,2,2,2
"01-08-2001",2,2,2,2,2,2,2,2,2,2,2,2,2,2,2,3,3,4,3,3,3,4,2,2
"02-08-2001",2,2,2,2,2,2,2,2,2,2,3,3,3,3,3,4,3,3,3,2,2,2,2,2
"03-08-2001",2,2,2,2,2,2,2,2,2,2,2,2,2,2,2,2,2,2,2,2,2,2,2,2
"04-08-2001",2,2,2,2,2,2,2,2,2,2,2,2,2,2,2,2,2,2,2,2,2,2,2,2
"05-08-2001",2,3,3,2,2,2,3,4,3,2,2,2,2,3,4,4,4,4,4,4,3,3,2,2
"06-08-2001",2,2,2,3,3,3,4,9,5,4,4,7,3,3,3,3,3,2,2,2,23,74,74,16
"07-08-2001",6,4,5,12,9,8,9,20,10,8,7,7,6,8,10,7,4,5,4,3,3,3,2,3
"08-08-2001",2,5,5,6,7,6,7,8,3,65,14,9,9,6,5,4,3,4,4,7,8,7,6,6
"09-08-2001",6,8,12,17,23,16,15,21,13,37,16,7,6,5,4,4,3,3,3,4,4,4,4,4
"10-08-2001",4,4,6,11,13,14,24,45,18,10,6,6,5,5,5,4,4,4,4,13,9,7,7,4
"11-08-2001",4,3,7,13,8,6,21,37,15,9,6,4,3,3,4,6,6,6,5,6,8,7,6,6
"12-08-2001",8,5,8,8,15,5,5,12,19,9,4,4,4,4,3,3,2,3,6,7,5,4,3,2
"13-08-2001",2,2,2,2,2,2,2,2,2,2,2,2,2,2,2,2,2,2,2,2,2,2,2,2
"14-08-2001",2,2,2,2,2,2,2,2,2,2,2,2,18,8,4,3,3,3,3,2,2,2,2,2
"15-08-2001",2,2,2,2,2,2,2,2,35,7,4,3,2,2,2,2,2,2,2,5,11,119,83,9
"16-08-2001",3,2,2,2,2,5,6,9,5,4,3,3,2,2,2,2,2,2,5,58,37,12,5,2
"17-08-2001",2,2,4,3,2,4,7,6,5,4,3,2,2,2,2,2,2,2,2,6,6,3,2,2
"18-08-2001",2,2,2,2,4,5,5,17,19,7,5,4,3,3,3,4,4,4,4,4,4,3,5,4
"19-08-2001",3,4,3,4,5,3,10,28,43,18,18,10,8,8,8,10,9,8,7,6,6,5,6,6
"20-08-2001",2,2,2,4,6,5,5,10,37,54,15,9,7,6,5,6,5,5,5,6,6,4,4,3
"21-08-2001",3,3,3,2,3,3,5,13,50,29,15,9,9,11,3,2,2,3,6,6,5,7,6,9
"22-08-2001",10,5,5,5,6,5,11,31,23,50,14,11,8,6,7,8,5,5,6,8,11,13,21,14
"23-08-2001",9,7,6,5,4,5,13,24,57,20,11,10,8,7,7,6,6,15,30,18,18,22,32,14
"24-08-2001",8,5,5,3,2,3,2,18,13,12,10,7,6,5,4,4,3,3,3,3,4,4,3,2
"25-08-2001",2,2,2,2,2,2,22,13,8,6,5,5,4,3,4,3,3,3,3,3,2,2,4,2
"26-08-2001",2,2,2,2,2,2,2,5,13,5,4,3,3,3,3,3,2,2,2,2,3,3,2,2
"27-08-2001",2,2,2,2,2,2,3,11,15,7,4,4,3,3,3,3,2,2,2,3,12,5,3,3
"28-08-2001",2,2,2,2,2,2,3,5,30,48,19,11,8,7,6,5,4,4,4,4,6,6,4,5
"29-08-2001",3,2,2,2,2,2,3,6,33,105,33,12,7,6,7,5,4,12,17,5,6,14,16,7
"30-08-2001",5,9,7,6,4,4,8,17,11,6,5,4,4,4,6,6,5,5,4,4,4,12,15,9
"31-08-2001",6,4,3,2,2,2,2,4,9,8,6,6,6,6,5,7,7,6,13,15,7,11,7,4
"01-09-2001",3,2,2,2,2,2,2,5,9,10,9,8,6,5,4,5,4,19,7,4,4,3,3,3
"02-09-2001",2,2,2,2,2,2,2,4,9,26,14,6,3,6,21,51,8,53,25,5,15,5,4,4
"03-09-2001",3,3,3,3,2,2,7,56,25,25,22,69,116,26,28,107,93,32,43,40,52,18,8,5
"04-09-2001",3,2,2,2,2,2,2,2,4,4,3,3,2,2,2,2,2,2,2,4,2,2,3,2
"05-09-2001",2,2,2,2,2,2,3,12,29,15,8,5,4,7,29,52,129,36,10,7,7,-9999,-9999,-9999
"06-09-2001",-9999,-9999,-9999,-9999,-9999,-9999,-9999,-9999,-9999,-9999,-9999,-9999,-9999,-9999,-9999,-9999,-9999,-9999,-9999,-9999,-9999,-9999,-9999,-9999
"07-09-2001",-9999,-9999,-9999,-9999,-9999,-9999,-9999,-9999,-9999,-9999,-9999,-9999,-9999,-9999,-9999,-9999,-9999,-9999,-9999,-9999,-9999,-9999,-9999,-9999
"08-09-2001",-9999,-9999,-9999,-9999,-9999,-9999,-9999,-9999,-9999,-9999,-9999,-9999,-9999,-9999,-9999,-9999,-9999,-9999,-9999,-9999,-9999,-9999,-9999,-9999
"09-09-2001",-9999,-9999,-9999,-9999,-9999,-9999,-9999,-9999,-9999,-9999,-9999,-9999,-9999,-9999,-9999,-9999,-9999,-9999,-9999,-9999,-9999,-9999,-9999,-9999
"10-09-2001",-9999,-9999,-9999,-9999,-9999,-9999,-9999,-9999,-9999,-9999,-9999,-9999,-9999,-9999,-9999,-9999,-9999,-9999,-9999,-9999,-9999,-9999,-9999,-9999
"11-09-2001",-9999,-9999,-9999,-9999,-9999,-9999,-9999,-9999,-9999,-9999,-9999,-9999,-9999,-9999,-9999,-9999,-9999,-9999,-9999,-9999,-9999,-9999,-9999,-9999
"12-09-2001",-9999,-9999,-9999,-9999,-9999,-9999,-9999,-9999,-9999,-9999,-9999,-9999,-9999,-9999,-9999,-9999,-9999,-9999,-9999,-9999,-9999,-9999,-9999,-9999
"13-09-2001",-9999,-9999,-9999,-9999,-9999,-9999,-9999,-9999,-9999,-9999,-9999,-9999,-9999,-9999,-9999,-9999,-9999,-9999,-9999,-9999,-9999,-9999,-9999,-9999
"14-09-2001",-9999,-9999,-9999,-9999,-9999,-9999,-9999,-9999,-9999,-9999,-9999,-9999,-9999,-9999,-9999,-9999,-9999,-9999,-9999,-9999,-9999,-9999,-9999,-9999
"15-09-2001",-9999,-9999,-9999,-9999,-9999,-9999,-9999,-9999,-9999,-9999,-9999,-9999,-9999,-9999,-9999,-9999,-9999,-9999,-9999,-9999,-9999,-9999,-9999,-9999
"16-09-2001",-9999,-9999,-9999,-9999,-9999,-9999,-9999,-9999,-9999,-9999,-9999,-9999,-9999,-9999,-9999,-9999,-9999,-9999,-9999,-9999,-9999,-9999,-9999,-9999
"17-09-2001",-9999,-9999,-9999,-9999,-9999,-9999,-9999,-9999,-9999,-9999,-9999,-9999,-9999,-9999,-9999,-9999,-9999,-9999,-9999,-9999,-9999,-9999,-9999,-9999
"18-09-2001",-9999,-9999,-9999,-9999,-9999,-9999,-9999,-9999,-9999,-9999,-9999,-9999,-9999,-9999,-9999,-9999,-9999,-9999,-9999,-9999,-9999,-9999,-9999,-9999
"19-09-2001",-9999,-9999,-9999,-9999,-9999,-9999,-9999,-9999,-9999,-9999,-9999,-9999,-9999,-9999,-9999,-9999,-9999,-9999,-9999,-9999,-9999,-9999,-9999,-9999
"20-09-2001",-9999,-9999,-9999,-9999,-9999,-9999,-9999,-9999,-9999,-9999,-9999,-9999,-9999,-9999,-9999,-9999,-9999,-9999,-9999,-9999,-9999,-9999,-9999,-9999
"21-09-2001",-9999,-9999,-9999,-9999,-9999,-9999,-9999,-9999,-9999,-9999,-9999,-9999,-9999,-9999,-9999,-9999,-9999,-9999,-9999,-9999,-9999,2,2,2
"22-09-2001",2,2,2,2,2,2,2,2,4,3,2,2,3,3,3,3,2,2,2,2,2,2,2,2
"23-09-2001",2,2,2,2,2,2,2,2,2,2,2,3,3,3,3,4,4,3,2,2,2,2,2,2
"24-09-2001",2,2,2,2,2,2,2,3,2,3,6,6,-9999,-9999,-9999,7,8,4,3,4,3,4,4,2
"25-09-2001",3,7,19,8,13,9,11,13,-9999,-9999,-9999,-9999,-9999,24,13,8,2,2,2,44,14,5,6,10
"26-09-2001",9,9,7,6,6,7,3,3,8,19,15,45,28,3,-9999,2,2,15,86,30,7,5,5,3
"27-09-2001",3,2,2,2,2,3,2,2,8,29,22,3,6,2,2,2,2,4,5,3,2,2,2,2
"28-09-2001",2,2,2,2,2,2,2,2,3,16,22,6,4,4,3,3,3,3,4,5,5,2,2,2
"29-09-2001",2,2,2,2,2,2,2,2,2,4,6,5,5,4,2,2,2,2,2,2,2,2,2,2
"30-09-2001",2,2,2,2,2,2,2,2,2,2,3,3,2,2,2,2,2,2,4,2,2,2,2,2
"01-10-2001",2,2,2,2,2,2,2,2,2,9,29,9,6,4,4,3,3,2,2,3,2,2,2,2
"02-10-2001",2,2,2,2,2,2,2,2,2,2,2,2,2,2,2,2,2,2,2,2,2,2,2,2
"03-10-2001",2,2,2,2,2,2,2,2,3,8,20,8,5,4,4,4,3,3,3,3,2,2,2,2
"04-10-2001",2,2,2,2,2,2,2,2,5,4,12,10,3,2,2,2,2,2,2,3,3,3,2,3
"05-10-2001",2,2,2,2,2,2,2,3,4,12,16,13,12,5,4,3,3,3,9,5,3,3,4,3
"06-10-2001",2,2,2,2,2,2,2,2,2,7,8,8,5,3,2,3,3,3,4,3,2,2,2,2
"07-10-2001",2,2,2,2,2,2,2,2,2,2,2,2,2,2,2,2,2,2,2,2,2,2,2,2
"08-10-2001",2,2,2,2,2,2,2,2,2,2,2,2,2,2,2,2,2,2,2,2,2,2,2,2
"09-10-2001",2,2,2,2,2,2,4,5,3,2,5,3,2,2,2,2,2,2,2,2,2,2,2,2
"10-10-2001",2,2,2,2,2,2,2,2,3,2,3,10,37,38,38,35,5,4,2,2,2,2,2,2
"11-10-2001",2,2,2,2,2,2,2,2,2,2,4,3,4,4,4,4,4,3,2,2,2,2,2,2
"12-10-2001",2,2,2,2,2,2,2,3,3,3,4,5,5,5,5,6,4,4,2,2,2,2,2,2
"13-10-2001",2,2,2,2,2,2,2,2,2,2,2,2,2,2,2,2,2,2,2,2,2,2,2,2
"14-10-2001",2,2,2,2,2,2,2,2,2,2,2,2,2,2,2,2,2,2,2,2,2,2,2,2
"15-10-2001",2,2,2,2,2,2,2,2,2,6,3,4,4,4,2,2,2,2,2,2,2,2,2,2
"16-10-2001",2,2,2,2,2,2,2,2,2,3,4,5,5,4,4,4,3,2,2,2,2,2,2,2
"17-10-2001",2,2,2,2,2,2,2,2,-9999,-9999,-9999,-9999,-9999,-9999,-9999,2,2,2,2,2,2,2,2,2
"18-10-2001",2,2,2,2,2,2,2,2,2,2,2,2,2,2,2,2,2,2,2,3,3,3,3,4
"19-10-2001",4,4,7,5,4,4,4,5,7,2,3,2,3,2,2,2,3,3,2,2,2,2,2,3
"20-10-2001",4,3,4,4,4,4,4,4,5,2,2,2,3,3,3,4,4,4,3,2,2,2,2,2
"21-10-2001",2,2,2,2,2,3,3,3,4,2,2,2,3,4,5,7,7,6,5,4,5,4,3,3
"22-10-2001",2,2,3,2,2,2,2,2,3,5,5,5,6,7,5,5,5,7,8,8,8,8,7,6
"23-10-2001",5,5,4,4,3,3,4,5,8,8,8,5,5,4,5,5,7,8,7,8,7,6,4,3
"24-10-2001",3,2,2,2,2,2,3,4,6,5,5,4,4,4,5,6,8,9,9,8,8,7,6,5
"25-10-2001",4,4,5,5,4,5,5,5,5,6,6,4,4,4,3,3,3,2,3,2,2,2,2,2
"26-10-2001",2,2,2,2,2,2,2,2,2,2,2,2,2,2,2,2,2,2,2,2,2,2,2,2
"27-10-2001",2,2,2,2,2,2,2,2,2,2,2,3,3,3,3,3,3,3,3,3,3,3,2,2
"28-10-2001",2,2,2,2,2,2,2,2,2,2,3,4,5,5,5,5,4,4,4,5,5,4,3,3
"29-10-2001",4,4,4,3,3,3,3,3,4,2,2,3,3,3,4,4,4,3,4,3,2,2,2,3
"30-10-2001",2,2,2,2,3,3,3,5,3,4,4,5,6,7,9,9,9,8,8,7,8,7,6,5
"31-10-2001",6,5,4,3,3,3,5,6,12,10,7,5,5,5,5,5,6,7,9,8,8,9,9,8
"01-11-2001",7,6,6,5,5,5,5,6,9,6,5,5,6,6,7,8,9,8,8,9,8,7,5,6
"02-11-2001",6,6,6,6,6,6,5,5,5,5,5,6,4,4,4,4,4,6,6,6,6,6,4,3
"03-11-2001",2,2,2,4,2,2,2,2,2,2,2,2,2,2,2,2,2,2,2,2,2,2,2,2
"04-11-2001",2,3,40,21,2,2,2,2,2,2,2,2,2,2,2,2,2,2,2,2,2,2,2,2
"05-11-2001",2,2,2,2,2,2,5,3,-9999,-9999,-9999,-9999,-9999,-9999,-9999,4,5,5,5,5,5,7,8,8
"06-11-2001",7,7,7,7,7,6,7,8,13,12,8,8,9,8,9,10,10,9,9,8,10,11,9,8
"07-11-2001",8,7,6,6,7,6,6,6,9,9,7,7,6,7,8,9,9,10,11,11,12,12,12,12
"08-11-2001",10,9,8,8,7,7,7,7,-9999,-9999,-9999,-9999,-9999,3,5,6,8,8,8,9,10,8,7,7
"09-11-2001",7,6,5,5,5,5,5,6,6,5,5,5,5,6,7,8,9,11,10,10,10,9,9,9
"10-11-2001",8,7,7,6,6,6,6,7,7,6,6,7,7,8,9,10,11,11,11,12,13,13,11,10
"11-11-2001",9,8,8,7,7,6,6,6,7,7,7,7,7,7,8,10,11,10,11,13,11,10,10,10
"12-11-2001",9,9,8,8,8,8,8,9,16,37,39,19,5,6,8,9,10,11,13,13,12,12,12,11
"13-11-2001",11,10,11,12,11,11,11,9,7,8,6,4,4,5,6,7,7,6,6,5,4,6,8,6
"14-11-2001",4,4,5,5,6,6,6,6,5,5,5,6,7,8,9,9,9,8,9,9,9,9,8,7
"15-11-2001",6,6,6,6,5,5,5,6,7,6,6,6,6,7,5,6,7,7,7,7,7,7,6,6
"16-11-2001",6,6,6,6,6,6,6,6,6,7,6,6,7,7,8,8,8,9,10,9,8,8,9,8
"17-11-2001",7,6,6,6,6,6,6,5,4,5,4,4,4,4,5,7,9,8,6,7,7,6,6,6
"18-11-2001",6,5,5,5,4,4,3,3,4,5,6,6,6,6,6,6,6,4,4,4,5,4,4,4
"19-11-2001",4,3,3,3,3,3,4,4,4,6,8,7,8,8,8,8,9,10,9,9,6,7,7,7
"20-11-2001",6,6,6,7,7,7,7,8,9,8,8,7,8,10,11,10,8,7,7,7,7,7,7,6
"21-11-2001",6,6,6,6,5,5,4,4,5,6,6,6,5,5,5,5,4,3,4,4,4,2,4,4
"22-11-2001",4,3,3,2,2,2,2,4,5,3,3,2,3,3,3,4,4,4,6,7,9,7,7,7
"23-11-2001",5,5,4,4,4,4,4,4,5,3,2,2,3,3,3,2,2,3,3,3,3,3,4,3
"24-11-2001",3,4,4,4,5,5,6,7,8,7,5,3,5,5,4,4,3,2,2,2,2,2,2,2
"25-11-2001",2,2,2,2,2,2,2,2,3,4,2,2,2,2,2,3,3,3,3,2,2,2,2,2
"26-11-2001",2,2,2,2,2,2,2,2,4,5,3,2,2,2,2,2,2,3,5,5,3,3,3,4
"27-11-2001",3,2,2,2,2,2,2,3,6,4,2,2,2,2,2,2,2,3,3,6,8,6,5,5
"28-11-2001",5,4,3,3,3,3,4,5,6,6,5,4,4,5,6,6,7,9,10,12,11,10,7,6
"29-11-2001",6,5,4,5,5,5,5,7,7,6,8,10,7,7,8,8,9,8,8,7,8,8,7,7
"30-11-2001",7,7,7,7,7,7,7,7,7,7,8,7,7,6,6,7,7,8,7,8,7,8,7,6
"01-12-2001",5,4,3,3,3,3,4,4,3,4,3,3,2,2,2,2,2,2,2,2,2,2,2,18
"02-12-2001",43,4,2,2,2,2,2,2,2,2,3,3,3,3,3,4,3,3,3,19,4,4,4,4
"03-12-2001",4,4,4,4,4,4,5,4,5,5,5,5,5,38,17,4,4,4,5,5,5,5,5,4
"04-12-2001",4,4,4,5,5,5,5,6,7,7,7,7,7,8,8,8,8,8,8,9,9,8,8,7
"05-12-2001",6,6,6,6,6,6,6,6,7,6,7,7,7,7,7,7,7,8,8,7,7,7,7,6
"06-12-2001",6,6,6,6,6,6,6,7,7,7,8,7,6,7,7,7,7,7,6,6,6,6,6,5
"07-12-2001",5,5,5,5,5,5,5,6,6,6,28,5,5,4,4,4,4,4,3,3,3,3,3,6
"08-12-2001",5,6,5,5,4,6,5,4,4,3,2,2,3,3,2,2,2,2,2,2,2,2,2,2
"09-12-2001",2,2,2,2,2,2,2,3,3,3,3,3,3,3,3,3,3,3,3,3,3,3,3,2
"10-12-2001",2,2,2,2,2,2,2,2,2,2,2,2,3,3,3,3,3,3,4,4,4,3,3,3
"11-12-2001",3,3,3,2,3,3,3,4,5,6,6,5,5,5,5,5,5,5,6,7,7,7,6,5
"12-12-2001",4,4,4,4,4,4,4,4,4,4,4,4,5,5,6,7,7,8,8,8,8,9,8,6
"13-12-2001",5,5,6,5,5,5,5,6,7,6,6,6,6,6,5,4,4,4,4,4,5,5,5,5
"14-12-2001",5,5,4,4,4,3,3,3,3,3,3,3,4,4,4,4,4,4,4,4,4,4,3,4
"15-12-2001",3,3,3,3,3,3,3,4,4,3,3,3,3,3,3,3,3,4,5,5,4,4,3,3
"16-12-2001",3,3,2,2,2,2,2,3,3,3,3,3,3,3,4,4,4,4,4,4,3,2,2,2
"17-12-2001",2,2,2,2,2,2,2,3,3,4,4,4,4,5,5,5,5,5,6,6,6,6,7,7
"18-12-2001",7,8,8,9,9,10,10,9,11,11,12,10,9,9,8,7,7,5,4,4,3,3,3,2
"19-12-2001",2,2,2,2,2,2,2,2,2,5,5,4,4,4,4,4,4,2,2,2,3,2,2,2
"20-12-2001",2,2,2,2,2,2,2,3,3,4,3,3,4,2,2,2,2,4,4,7,7,8,7,6
"21-12-2001",6,5,3,3,4,4,5,5,4,3,4,3,3,3,3,4,3,2,2,2,2,2,2,2
"22-12-2001",9,2,2,2,2,2,2,2,5,4,3,3,2,3,2,2,3,9,9,8,7,7,9,7
"23-12-2001",6,5,5,4,4,3,3,3,4,5,5,5,5,4,5,11,8,7,6,6,5,7,7,8
"24-12-2001",8,8,8,7,8,9,9,10,9,9,6,8,7,8,11,12,13,12,11,10,9,9,9,8
"25-12-2001",8,11,12,12,10,8,8,8,7,4,3,2,2,2,2,3,5,7,8,8,7,6,5,5
"26-12-2001",5,6,5,5,4,4,4,4,4,4,4,3,3,3,3,4,4,4,4,7,7,6,6,6
"27-12-2001",6,6,5,5,5,5,5,5,-9999,-9999,-9999,-9999,5,6,5,5,5,5,5,5,5,4,4,5
"28-12-2001",4,5,5,5,5,6,6,6,8,8,8,6,4,4,5,7,7,7,8,8,8,8,8,6
"29-12-2001",6,5,5,4,4,5,5,5,7,6,5,4,4,4,5,6,8,10,12,10,10,10,8,7
"30-12-2001",7,4,4,4,4,4,5,5,6,6,6,3,2,4,3,3,3,2,2,3,8,9,9,5
"31-12-2001",7,7,4,4,4,4,6,7,8,9,11,10,10,9,9,10,10,11,9,9,8,6,6,7
"01-01-2002",6,7,7,5,2,2,3,5,6,6,6,5,5,4,3,3,3,3,3,3,4,4,3,-9999
"02-01-2002",4,4,4,4,4,4,3,3,3,5,5,4,4,3,3,3,3,4,4,3,4,3,2,2
"03-01-2002",2,2,2,2,2,2,2,2,6,6,4,4,3,4,3,3,3,4,3,3,3,3,3,3
"04-01-2002",3,3,3,3,3,2,3,3,4,4,4,5,5,5,5,5,5,4,4,5,4,4,4,3
"05-01-2002",4,4,4,4,4,4,3,3,5,6,8,10,7,7,8,8,6,4,2,4,4,3,4,4
"06-01-2002",5,6,6,6,5,5,4,3,6,8,8,8,7,7,7,7,7,7,6,7,7,7,7,6
"07-01-2002",6,5,3,2,2,2,2,2,3,8,7,5,5,4,4,4,4,4,7,6,4,5,4,3
"08-01-2002",3,3,4,3,3,2,4,4,6,11,9,9,6,5,4,5,5,5,6,9,11,13,13,9
"09-01-2002",7,7,6,5,5,5,5,5,6,6,5,5,5,6,6,6,5,6,6,6,7,6,6,6
"10-01-2002",5,5,5,6,5,6,6,7,-9999,-9999,-9999,-9999,-9999,-9999,11,11,10,9,9,9,8,7,7,7
"11-01-2002",7,7,6,6,5,5,5,5,6,7,9,7,7,7,7,8,8,9,9,9,8,7,7,7
"12-01-2002",6,5,5,5,5,5,6,6,8,8,5,5,6,6,6,6,6,7,9,10,8,9,7,8
"13-01-2002",7,6,5,5,5,5,5,6,6,6,6,6,7,8,7,7,7,8,9,11,12,11,12,13
"14-01-2002",11,10,10,9,9,8,9,9,11,12,11,9,8,8,9,10,10,10,11,12,11,10,11,10
"15-01-2002",9,9,9,9,9,9,10,10,10,11,10,10,9,10,11,10,11,10,12,13,11,12,11,10
"16-01-2002",10,10,9,9,10,12,12,12,13,14,13,12,12,12,12,13,13,14,13,14,13,13,13,13
"17-01-2002",12,12,11,11,11,12,12,12,28,12,11,11,10,11,11,11,12,13,13,14,15,13,13,13
"18-01-2002",12,12,11,11,11,11,12,13,15,12,9,9,10,11,12,12,12,14,17,18,18,17,14,12
"19-01-2002",11,10,10,9,8,7,7,8,9,10,8,8,8,9,10,10,9,7,9,11,10,10,11,9
"20-01-2002",8,7,6,6,6,6,6,5,6,7,5,6,6,7,7,8,9,10,11,11,11,11,11,9
"21-01-2002",8,7,7,6,6,5,6,7,8,10,9,7,6,6,7,8,9,11,13,14,14,13,11,9
"22-01-2002",8,7,7,8,7,6,6,8,12,13,8,8,8,8,10,11,12,12,12,15,15,15,14,13
"23-01-2002",11,10,8,7,7,6,7,8,11,12,8,7,8,9,10,11,12,15,18,23,20,16,16,15
"24-01-2002",13,11,10,10,9,9,9,10,13,14,10,9,9,10,11,12,12,12,11,12,12,11,11,11
"25-01-2002",11,11,10,10,9,9,10,10,12,12,10,9,8,9,9,10,10,11,13,12,13,15,14,14
"26-01-2002",13,12,12,12,12,12,12,12,14,14,13,13,13,14,16,15,16,16,16,15,15,15,13,11
"27-01-2002",10,10,9,8,8,8,8,8,7,7,6,7,7,9,10,12,13,15,15,16,16,18,15,12
"28-01-2002",12,11,10,9,8,8,8,10,11,10,9,9,10,10,11,11,13,15,20,21,19,19,18,15
"29-01-2002",13,12,12,10,10,9,9,10,13,11,9,9,9,11,14,15,16,18,23,25,23,23,20,18
"30-01-2002",13,12,11,9,9,8,9,8,11,13,9,9,10,12,14,16,17,18,20,23,24,22,21,17
"31-01-2002",15,13,11,10,10,9,9,10,14,13,10,10,11,13,14,17,19,21,19,21,21,20,19,17
"01-02-2002",15,13,11,10,10,9,9,10,13,12,9,9,10,12,14,15,17,19,20,23,19,19,18,16
"02-02-2002",15,14,12,12,10,11,9,10,10,11,11,11,11,11,11,12,13,15,16,16,16,16,16,15
"03-02-2002",15,16,19,17,15,15,14,14,12,11,10,9,9,10,10,11,12,12,14,14,14,13,12,11
"04-02-2002",10,9,8,7,7,7,7,8,10,10,9,10,11,12,13,13,13,14,15,15,14,13,12,10
"05-02-2002",10,9,8,7,7,7,7,8,10,9,7,8,9,10,11,12,9,10,12,11,16,20,17,16
"06-02-2002",16,13,14,15,12,10,10,11,13,12,10,9,9,9,9,11,9,11,16,19,19,16,17,16
"07-02-2002",15,13,12,9,9,11,12,11,14,13,10,9,9,10,10,11,12,15,18,16,15,18,16,16
"08-02-2002",15,16,13,13,13,12,10,13,15,12,10,10,10,9,10,11,11,14,18,20,22,21,18,14
"09-02-2002",13,12,12,12,13,13,12,11,11,10,9,9,10,10,9,10,11,12,16,18,17,16,15,14
"10-02-2002",14,12,10,10,9,10,9,9,10,10,8,8,9,11,12,13,14,16,17,17,15,14,14,13
"11-02-2002",12,11,10,9,8,8,8,10,11,12,9,6,5,5,6,6,6,5,7,8,8,8,8,8
"12-02-2002",8,8,8,9,8,8,9,10,-9999,-9999,-9999,-9999,6,8,10,11,12,13,15,18,18,18,16,13
"13-02-2002",12,10,10,9,8,8,8,10,13,10,9,9,10,11,12,14,17,20,21,23,24,25,21,18
"14-02-2002",15,14,12,10,10,10,11,12,14,11,10,9,11,12,15,16,17,19,21,24,25,25,21,17
"15-02-2002",14,13,12,11,11,10,11,11,14,13,10,10,9,9,8,8,9,11,15,18,18,17,17,16
"16-02-2002",16,15,14,13,12,11,11,10,11,12,10,9,10,11,11,12,12,12,11,12,11,11,10,10
"17-02-2002",9,9,9,9,9,8,8,9,10,11,11,11,11,11,12,14,16,16,15,16,15,14,12,11
"18-02-2002",10,9,9,8,8,7,7,8,10,8,8,8,10,11,12,12,13,15,17,18,21,19,20,18
"19-02-2002",17,15,14,13,12,13,13,13,15,13,14,15,16,17,18,19,22,23,24,21,21,21,24,24
"20-02-2002",22,21,23,32,27,22,19,18,17,18,17,14,13,13,13,13,13,13,14,14,16,16,15,13
"21-02-2002",13,12,12,11,11,11,11,11,12,11,11,12,13,15,17,15,13,13,13,11,11,11,9,11
"22-02-2002",13,14,14,13,13,12,12,12,12,11,12,13,13,15,17,19,21,23,24,24,24,22,20,18
"23-02-2002",17,15,14,12,12,12,12,11,13,12,12,12,11,11,12,13,14,14,16,18,18,19,17,16
"24-02-2002",13,12,11,10,9,8,8,9,10,9,10,11,11,10,9,6,5,6,8,11,11,10,6,6
"25-02-2002",8,13,14,13,12,13,10,6,6,5,4,3,4,3,3,3,4,6,10,11,9,9,9,9
"26-02-2002",7,6,7,7,6,6,6,7,10,7,6,5,6,7,7,7,5,6,9,12,12,11,11,11
"27-02-2002",11,11,9,9,9,8,8,10,9,8,8,8,9,8,6,6,7,9,13,16,18,19,19,19
"28-02-2002",16,15,13,13,12,12,13,16,16,11,10,11,11,13,14,17,19,23,25,28,31,31,24,18
"01-03-2002",17,16,14,13,11,11,12,13,17,14,12,12,14,16,18,20,22,24,25,28,30,27,25,23
"02-03-2002",20,18,16,14,13,12,11,13,15,13,12,13,14,17,19,21,26,26,27,27,30,27,20,17
"03-03-2002",15,13,12,11,10,9,9,9,11,10,10,11,13,16,17,21,23,27,28,27,28,27,23,21
"04-03-2002",20,17,16,15,14,13,15,16,14,14,16,15,15,15,16,18,19,20,23,27,28,25,23,22
"05-03-2002",20,18,16,14,14,14,13,14,15,16,15,14,14,15,17,20,18,19,23,25,25,25,24,21
"06-03-2002",19,17,15,15,14,13,13,13,15,13,13,14,16,18,21,22,23,25,29,36,35,33,31,27
"07-03-2002",23,21,19,17,15,14,14,16,16,15,16,18,20,24,28,28,28,33,34,33,34,32,31,27
"08-03-2002",22,20,18,16,15,15,14,14,14,16,18,20,22,23,23,25,25,27,28,28,29,27,25,23
"09-03-2002",20,19,19,17,17,17,15,14,13,13,12,11,10,9,9,10,10,10,11,14,14,14,13,12
"10-03-2002",12,11,11,11,11,11,11,11,11,11,11,11,11,12,13,14,13,12,13,14,14,13,12,12
"11-03-2002",12,11,11,11,10,10,10,7,6,6,5,5,5,4,4,5,5,5,5,5,7,7,8,9
"12-03-2002",9,10,11,13,14,13,15,16,17,16,17,18,17,19,18,14,15,17,19,20,20,19,18,16
"13-03-2002",16,16,15,15,15,14,14,14,15,14,14,14,14,14,16,18,20,21,22,22,24,23,22,20
"14-03-2002",18,17,17,16,15,14,14,13,12,12,13,13,14,15,18,21,22,22,24,26,26,25,22,19
"15-03-2002",17,15,14,12,12,11,11,12,11,11,11,12,13,15,17,19,21,24,28,29,28,27,24,21
"16-03-2002",19,17,15,14,13,12,11,12,12,11,12,12,12,10,11,11,13,15,20,22,22,21,18,16
"17-03-2002",15,12,11,10,10,7,7,9,7,6,5,5,5,6,6,5,5,6,6,8,8,8,7,7
"18-03-2002",7,7,6,6,6,5,5,5,6,6,4,4,3,4,4,4,5,5,7,9,9,9,8,8
"19-03-2002",7,6,5,5,5,5,5,6,6,5,5,5,6,7,9,11,12,14,16,17,19,20,19,16
"20-03-2002",15,13,12,11,11,10,10,12,12,12,12,13,14,14,17,21,25,31,34,34,32,30,26,23
"21-03-2002",21,19,17,15,14,13,12,13,-9999,-9999,-9999,-9999,10,15,19,23,27,30,33,34,34,31,27,24
"22-03-2002",21,19,17,16,14,14,13,14,13,13,13,14,16,17,17,17,22,25,25,27,26,19,14,19
"23-03-2002",20,18,16,14,11,10,8,8,8,6,5,6,6,8,9,10,11,11,12,11,10,10,9,8
"24-03-2002",8,8,8,9,8,7,7,6,4,4,4,3,3,2,2,2,2,3,3,4,4,4,4,4
"25-03-2002",5,5,5,5,4,5,5,7,7,7,7,8,8,9,11,11,12,13,12,12,11,11,10,8
"26-03-2002",8,7,6,6,6,5,5,6,6,6,6,6,7,7,7,8,9,9,10,11,12,13,11,10
"27-03-2002",10,9,7,8,8,7,8,8,8,7,7,7,7,6,6,5,6,7,7,8,9,8,9,8
"28-03-2002",8,8,8,8,8,7,8,9,10,9,7,6,6,6,7,7,11,13,13,12,13,12,11,9
"29-03-2002",8,7,6,6,6,6,6,7,8,8,7,7,8,9,10,10,10,10,10,10,10,9,8,8
"30-03-2002",7,6,6,6,6,5,6,6,7,6,5,4,4,4,4,4,3,4,4,4,5,5,5,4
"31-03-2002",4,4,4,5,5,5,5,5,4,3,3,4,4,4,3,3,3,3,5,7,9,8,7,7
"01-04-2002",7,5,5,5,5,5,7,7,8,7,8,8,-9999,6,6,6,6,7,8,8,10,12,14,10
"02-04-2002",7,7,7,6,6,6,6,7,10,9,8,8,8,9,10,10,10,12,15,23,31,40,51,56
"03-04-2002",41,45,36,44,46,44,35,40,24,15,11,10,10,11,11,11,10,12,15,15,13,12,13,13
"04-04-2002",13,13,12,11,11,11,10,10,10,10,9,8,8,8,8,8,8,8,9,9,10,11,11,12
"05-04-2002",13,13,12,11,11,11,11,11,11,12,12,13,15,16,16,15,16,21,24,25,25,24,24,21
"06-04-2002",19,20,17,16,14,14,13,14,14,13,12,12,12,13,14,14,16,21,23,22,25,25,24,24
"07-04-2002",21,21,19,18,16,13,10,11,10,9,9,10,11,7,5,5,6,8,12,17,21,22,21,19
"08-04-2002",16,14,12,11,10,9,8,9,8,8,8,9,8,9,10,10,12,15,17,18,18,17,17,17
"09-04-2002",17,17,16,16,13,12,12,11,11,11,10,12,13,13,14,14,15,16,17,17,17,18,18,18
"10-04-2002",19,20,19,17,16,18,19,19,19,14,11,12,12,14,15,14,13,14,14,18,21,21,20,18
"11-04-2002",16,15,15,14,13,13,14,12,10,10,9,8,8,8,9,10,10,11,13,16,17,15,15,15
"12-04-2002",15,13,11,11,10,10,10,10,11,10,9,5,8,10,10,11,12,12,12,9,8,11,15,15
"13-04-2002",13,13,14,12,14,15,16,17,16,17,18,20,22,22,21,22,25,28,32,35,37,36,35,32
"14-04-2002",30,29,28,27,26,26,25,25,24,24,25,25,27,29,34,42,42,49,58,59,55,50,46,42
"15-04-2002",39,35,33,30,28,26,25,24,23,22,23,24,24,24,25,28,29,32,32,30,29,27,24,20
"16-04-2002",20,19,19,16,13,13,13,12,12,12,12,11,10,12,14,19,20,24,26,27,28,27,26,25
"17-04-2002",24,23,22,21,20,19,19,20,19,18,17,17,18,17,17,16,16,18,19,20,22,22,20,20
"18-04-2002",19,19,18,18,17,18,17,17,18,15,15,14,14,16,18,15,17,15,18,16,14,13,13,12
"19-04-2002",13,12,11,10,10,10,11,11,4,2,3,3,-9999,-9999,-9999,-9999,8,12,15,17,18,19,19,19
"20-04-2002",18,16,16,15,13,12,12,12,12,12,12,12,12,9,10,12,15,16,18,21,22,22,21,18
"21-04-2002",15,14,13,13,13,12,13,12,11,-9999,-9999,-9999,-9999,-9999,-9999,4,7,4,7,9,11,11,11,11
"22-04-2002",12,10,10,10,10,9,9,9,9,8,5,4,6,9,7,6,6,5,6,9,12,12,10,10
"23-04-2002",10,9,9,8,8,7,8,9,8,7,7,8,8,8,14,19,8,9,11,15,18,20,20,19
"24-04-2002",16,14,13,12,12,12,11,10,10,10,9,9,9,10,12,14,17,16,16,19,21,21,20,19
"25-04-2002",16,16,15,14,13,13,12,12,12,12,13,14,14,15,16,14,16,20,21,20,20,21,21,18
"26-04-2002",17,16,14,14,14,13,13,13,13,12,13,13,15,15,15,18,20,18,19,19,19,19,17,16
"27-04-2002",15,14,12,12,12,11,10,10,9,8,8,9,11,13,15,16,16,18,18,25,23,17,19,20
"28-04-2002",19,17,15,15,13,11,11,11,11,11,11,12,13,15,15,11,16,21,25,27,28,26,24,22
"29-04-2002",21,19,17,16,14,12,12,12,11,11,12,13,14,17,20,24,28,32,37,39,36,32,30,28
"30-04-2002",25,23,21,19,17,15,14,13,13,13,14,14,16,18,20,22,26,29,32,34,34,32,30,27
"01-05-2002",25,23,21,19,18,16,15,14,14,14,15,14,15,15,18,21,23,25,30,33,34,32,29,25
"02-05-2002",22,20,18,16,15,14,13,12,11,12,12,13,15,16,16,19,20,23,25,32,33,31,28,26
"03-05-2002",23,19,17,15,14,13,12,11,11,11,12,12,13,15,17,21,22,24,27,32,33,33,30,26
"04-05-2002",24,22,19,17,16,14,13,12,11,12,13,12,15,16,17,19,18,18,22,28,29,29,26,23
"05-05-2002",20,18,16,14,12,12,12,11,11,11,11,12,13,15,18,21,22,26,33,35,35,32,30,27
"06-05-2002",24,22,20,18,17,15,14,13,13,13,12,13,14,16,17,18,19,21,23,25,27,26,25,22
"07-05-2002",20,18,16,15,14,13,12,12,12,11,10,11,13,13,15,14,16,17,18,19,18,18,17,16
"08-05-2002",14,13,12,11,10,9,9,10,9,9,8,7,6,7,7,8,9,11,11,12,12,12,12,12
"09-05-2002",12,12,12,12,12,12,11,11,11,12,11,11,10,10,11,11,13,14,16,19,23,23,22,20
"10-05-2002",18,16,14,13,12,11,10,10,10,9,8,8,9,10,12,13,14,16,18,21,24,25,23,21
"11-05-2002",19,17,16,14,13,12,11,11,11,11,12,14,15,17,20,22,24,27,30,30,30,27,26,24
"12-05-2002",21,20,18,17,16,15,14,13,13,13,13,13,14,16,19,22,25,29,34,35,35,33,29,27
"13-05-2002",25,23,21,19,18,16,15,14,14,13,10,11,14,16,14,15,16,15,14,15,16,16,16,15
"14-05-2002",15,14,14,13,12,12,12,12,12,12,12,12,12,14,16,18,21,23,25,27,29,26,16,15
"15-05-2002",19,18,16,14,12,10,9,9,9,9,10,12,14,15,14,14,16,20,24,27,26,23,20,17
"16-05-2002",15,13,11,10,9,8,8,9,8,8,9,8,7,8,9,8,10,12,14,17,17,16,16,14
"17-05-2002",13,11,11,10,9,9,8,9,9,9,10,10,9,8,9,9,11,12,15,17,17,17,16,15
"18-05-2002",14,12,11,10,9,9,8,8,8,8,8,9,11,14,16,19,21,24,26,29,30,28,26,23
"19-05-2002",20,18,16,14,13,12,11,11,10,10,11,12,15,18,22,24,26,28,29,28,28,27,26,23
"20-05-2002",21,18,16,15,13,12,11,11,11,11,11,12,13,17,19,19,18,20,21,23,24,22,21,20
"21-05-2002",18,16,16,13,12,11,11,-9999,-9999,-9999,-9999,-9999,-9999,-9999,4,6,6,7,8,8,9,10,10,11
"22-05-2002",10,11,11,11,11,10,10,10,10,8,6,6,8,9,10,9,8,8,9,10,11,11,9,8
"23-05-2002",7,7,6,6,5,5,5,5,5,5,5,5,6,6,7,7,9,10,12,15,16,16,15,14
"24-05-2002",13,12,11,10,9,8,8,8,8,8,9,10,12,15,18,20,22,25,26,26,27,26,22,20
"25-05-2002",18,16,14,13,12,12,12,11,11,10,10,12,13,14,14,13,13,13,14,15,14,14,13,12
"26-05-2002",11,11,10,10,10,9,9,9,9,9,9,9,10,11,10,11,11,11,11,11,11,12,12,11
"27-05-2002",11,10,9,9,8,8,7,7,7,7,8,8,10,11,13,14,15,16,19,20,19,17,16,16
"28-05-2002",14,13,12,10,9,8,8,8,8,9,9,10,11,13,16,18,19,21,24,26,25,25,23,21
"29-05-2002",21,16,14,16,12,10,10,10,10,10,11,10,9,8,7,7,7,9,10,12,12,13,12,12
"30-05-2002",10,9,9,8,7,7,7,7,8,9,8,7,8,9,10,13,14,15,17,17,17,17,17,15
"31-05-2002",15,13,12,11,10,10,9,10,10,10,8,6,7,7,7,9,10,10,11,12,14,15,14,13
"01-06-2002",12,11,11,10,9,8,8,8,7,8,8,9,10,11,11,13,15,16,18,20,20,19,19,18
"02-06-2002",16,15,13,12,11,9,9,9,8,9,4,7,9,11,12,16,18,19,21,24,25,24,22,20
"03-06-2002",18,16,14,13,11,10,10,10,10,9,9,9,-9999,-9999,14,19,22,23,22,23,27,21,19,18
"04-06-2002",16,15,13,12,11,9,9,9,10,10,10,11,11,12,15,15,18,21,22,21,22,21,21,19
"05-06-2002",17,15,14,12,11,10,10,10,10,11,13,14,15,17,19,22,24,27,36,32,26,24,23,21
"06-06-2002",20,18,15,14,13,12,11,12,13,13,14,16,20,23,29,34,37,38,38,37,37,33,32,30
"07-06-2002",30,28,26,25,24,28,23,21,21,22,23,23,24,25,26,28,30,34,34,33,33,33,31,28
"08-06-2002",26,24,23,23,19,17,16,16,17,18,19,21,23,26,30,34,36,37,37,38,36,34,31,29
"09-06-2002",26,22,20,17,16,15,13,13,14,16,18,20,24,28,31,34,37,37,37,36,34,30,29,30
"10-06-2002",26,23,21,19,17,16,15,11,12,14,15,17,16,18,17,19,17,17,17,15,15,14,15,14
"11-06-2002",12,11,10,10,9,8,8,9,9,10,10,11,11,13,13,16,18,20,23,24,25,25,23,20
"12-06-2002",17,16,15,14,13,12,11,11,11,12,11,13,12,14,14,14,16,18,19,20,23,23,21,19
"13-06-2002",17,16,15,14,13,13,12,13,-9999,-9999,-9999,-9999,11,14,13,13,14,14,15,17,21,20,18,17
"14-06-2002",16,15,14,12,12,12,11,12,11,10,9,9,10,10,11,10,10,10,11,12,17,18,18,16
"15-06-2002",15,14,13,12,11,11,11,11,12,11,10,10,14,27,35,26,27,31,32,36,40,39,38,35
"16-06-2002",30,27,24,22,21,19,18,19,19,16,14,16,17,19,20,23,22,28,32,37,42,43,41,38
"17-06-2002",34,31,28,25,23,22,21,22,29,-9999,29,31,33,32,32,34,39,45,52,57,57,56,52,49
"18-06-2002",43,39,34,31,29,27,26,27,30,31,32,32,28,29,31,34,39,44,45,47,49,48,43,38
"19-06-2002",35,32,29,27,26,25,25,26,27,28,29,27,25,21,18,18,16,17,19,23,26,28,28,25
"20-06-2002",25,23,21,20,20,21,21,22,23,22,17,16,15,15,15,15,19,20,19,25,30,32,34,30
"21-06-2002",27,26,24,22,20,19,18,19,20,17,14,15,18,19,18,17,18,20,24,30,36,39,45,50
"22-06-2002",36,33,32,30,28,28,29,29,33,29,23,21,15,16,19,22,25,29,35,42,51,53,52,49
"23-06-2002",47,45,39,37,39,36,37,41,44,40,34,36,37,32,33,30,30,32,47,61,70,67,66,65
"24-06-2002",65,68,54,51,48,65,47,43,44,38,33,34,39,40,37,37,40,41,47,55,62,62,56,52
"25-06-2002",46,42,37,33,29,26,24,24,27,30,33,37,41,44,48,57,65,73,62,58,53,58,53,46
"26-06-2002",42,37,33,30,27,25,23,23,24,27,22,18,20,18,16,16,17,19,22,26,31,34,31,29
"27-06-2002",29,26,24,23,22,23,23,22,23,24,23,18,22,21,15,15,16,17,19,20,27,27,23,21
"28-06-2002",19,18,17,15,14,13,13,13,15,16,18,17,18,18,18,20,21,23,24,26,29,30,30,28
"29-06-2002",26,24,21,19,18,18,16,17,19,20,23,26,30,38,47,53,56,53,48,50,51,45,40,37
"30-06-2002",34,32,30,27,24,22,21,22,25,25,25,25,16,5,5,5,6,4,4,5,8,10,12,13
"01-07-2002",13,12,10,12,9,10,12,11,12,12,10,8,5,4,3,2,2,2,2,2,3,3,4,5
"02-07-2002",5,4,4,5,5,7,7,8,8,6,4,3,2,2,2,2,2,2,2,2,2,2,3,3
"03-07-2002",4,5,5,6,8,6,7,9,9,8,6,4,2,2,2,2,2,2,2,2,2,4,4,4
"04-07-2002",4,5,6,6,7,6,7,9,8,9,8,6,4,4,5,4,4,4,3,3,3,2,2,3
"05-07-2002",3,3,4,5,6,6,7,8,2,-9999,-9999,4,2,2,2,2,2,2,2,2,2,2,2,2
"06-07-2002",3,3,4,3,4,5,6,7,6,5,3,2,2,2,2,2,2,2,2,2,2,2,2,2
"07-07-2002",2,3,3,3,4,5,6,7,7,7,6,4,2,2,2,2,2,2,2,2,2,2,2,2
"08-07-2002",2,2,3,3,4,4,5,6,6,7,4,2,2,2,2,2,2,2,2,2,2,2,2,3
"09-07-2002",3,4,4,5,5,7,6,7,7,7,3,2,2,2,2,2,2,2,2,2,2,2,2,3
"10-07-2002",3,3,4,5,6,7,6,8,10,9,8,5,2,2,2,2,2,2,2,2,2,2,2,3
"11-07-2002",4,4,4,5,6,8,8,10,11,10,6,3,2,2,2,2,2,2,2,2,2,2,2,2
"12-07-2002",2,3,3,3,4,5,6,8,9,10,7,3,3,2,2,2,2,2,2,2,2,2,3,3
"13-07-2002",3,4,4,4,6,6,7,8,9,9,7,3,2,2,2,2,2,2,2,2,2,2,3,3
"14-07-2002",4,4,5,6,6,8,8,9,11,11,10,6,3,2,2,2,2,2,2,2,2,2,2,2
"15-07-2002",2,3,4,5,5,7,8,12,17,17,12,8,4,2,2,2,2,2,2,2,2,3,4,4
"16-07-2002",5,5,5,5,6,7,9,10,11,12,9,6,4,3,2,2,2,2,3,4,2,2,2,2
"17-07-2002",5,5,6,2,2,2,2,3,5,6,4,3,3,2,3,2,3,2,2,2,2,4,4,4
"18-07-2002",4,5,5,6,7,8,10,9,13,13,9,6,3,2,2,2,2,2,2,6,3,2,3,5
"19-07-2002",6,6,7,8,10,10,12,13,16,16,12,8,5,3,2,2,2,2,2,2,2,2,2,3
"20-07-2002",5,6,7,8,10,11,12,15,18,17,13,9,7,5,3,2,2,2,2,2,3,2,3,5
"21-07-2002",7,9,31,38,20,12,19,23,23,21,14,6,2,2,2,2,2,2,2,2,2,2,3,4
"22-07-2002",6,6,8,8,10,10,11,14,16,14,9,5,2,2,2,2,2,2,2,2,2,2,3,5
"23-07-2002",6,6,8,8,10,9,10,12,15,16,14,8,3,2,2,2,2,2,2,2,2,2,3,4
"24-07-2002",5,5,6,6,7,8,9,11,12,14,13,12,8,5,2,2,2,2,2,2,3,3,6,6
"25-07-2002",7,7,9,9,12,12,14,15,19,19,17,12,12,12,11,9,6,3,3,5,6,7,10,9
"26-07-2002",14,37,38,36,9,18,22,26,36,29,32,22,14,8,5,3,18,32,3,3,5,4,6,8
"27-07-2002",9,12,12,13,14,15,16,16,15,15,14,13,8,6,8,4,5,17,38,18,12,20,20,20
"28-07-2002",18,16,13,13,13,27,38,11,16,22,22,21,20,16,10,7,7,7,11,11,13,14,14,13
"29-07-2002",11,11,11,12,13,11,11,11,14,11,11,10,7,6,5,4,3,3,3,3,4,7,9,13
"30-07-2002",13,16,15,17,14,15,16,15,18,16,16,13,8,5,4,4,3,3,3,6,8,9,8,10
"31-07-2002",13,15,16,17,15,15,16,13,16,16,15,11,7,4,2,2,2,24,6,7,4,3,5,4
"01-08-2002",6,9,12,13,17,15,15,16,21,22,16,10,6,3,2,2,2,2,2,2,3,4,7,10
"02-08-2002",11,15,14,17,15,17,14,15,19,19,15,10,5,3,2,2,2,2,2,2,3,4,7,9
"03-08-2002",12,14,14,17,15,17,14,15,18,19,17,8,3,2,2,2,2,2,2,2,2,3,5,8
"04-08-2002",11,10,12,13,14,15,16,15,19,20,18,11,5,2,2,2,2,2,2,2,3,4,6,13
"05-08-2002",10,20,20,14,15,15,15,17,18,4,10,7,4,2,2,2,11,2,18,69,30,8,4,4
"06-08-2002",4,5,6,7,9,10,10,13,14,18,17,7,3,3,2,2,2,2,2,2,2,3,4,6
"07-08-2002",9,8,9,14,12,12,12,13,20,27,17,8,3,2,37,83,8,2,2,2,16,23,8,4
"08-08-2002",6,8,7,9,9,11,11,11,16,14,10,15,14,8,2,2,2,2,6,46,7,3,5,8
"09-08-2002",9,10,11,13,12,14,19,16,18,21,12,7,3,2,2,2,2,2,2,2,3,3,4,7
"10-08-2002",11,9,11,12,14,12,14,15,15,17,14,9,5,3,2,2,2,2,2,3,2,2,2,4
"11-08-2002",13,12,8,7,37,15,14,14,19,19,21,11,7,4,3,3,2,2,2,2,5,11,8,6
"12-08-2002",8,11,25,23,26,18,16,74,24,29,22,12,9,29,21,2,3,4,15,25,14,23,14,7
"13-08-2002",9,8,10,9,10,14,15,17,22,21,16,14,9,3,2,2,2,2,2,2,2,6,6,15
"14-08-2002",9,11,11,13,15,14,14,14,19,20,12,7,4,2,2,2,2,2,2,2,2,4,6,7
"15-08-2002",7,9,9,13,12,14,14,14,18,15,12,9,6,3,2,2,2,2,2,2,3,5,10,12
"16-08-2002",8,10,10,12,12,13,13,15,15,27,20,9,5,3,2,2,2,2,2,2,7,6,8,8
"17-08-2002",9,11,11,14,13,14,14,12,20,27,13,10,7,3,2,2,2,2,2,2,3,6,13,18
"18-08-2002",13,11,11,12,13,12,13,14,16,15,11,9,3,3,7,9,11,10,11,12,12,11,15,23
"19-08-2002",18,15,15,14,15,13,14,13,15,14,27,13,17,15,8,3,2,2,2,2,3,3,7,31
"20-08-2002",11,9,20,11,13,11,15,32,50,66,94,51,37,24,8,14,5,4,3,2,3,31,49,21
"21-08-2002",12,9,11,12,10,11,11,14,37,39,16,23,38,39,39,40,40,40,40,40,40,40,41,41
"22-08-2002",42,42,42,-9999,-9999,-9999,-9999,-9999,-9999,-9999,-9999,-9999,-9999,-9999,-9999,-9999,-9999,-9999,-9999,-9999,-9999,-9999,-9999,-9999
"23-08-2002",-9999,-9999,-9999,-9999,-9999,-9999,-9999,-9999,-9999,-9999,-9999,-9999,-9999,-9999,-9999,-9999,-9999,-9999,-9999,-9999,-9999,-9999,-9999,-9999
"24-08-2002",-9999,-9999,-9999,-9999,-9999,-9999,-9999,-9999,-9999,-9999,-9999,-9999,-9999,-9999,-9999,-9999,-9999,-9999,-9999,-9999,-9999,-9999,-9999,-9999
"25-08-2002",-9999,-9999,-9999,-9999,-9999,-9999,-9999,-9999,-9999,-9999,-9999,-9999,-9999,-9999,-9999,-9999,-9999,-9999,-9999,-9999,-9999,-9999,-9999,-9999
"26-08-2002",-9999,-9999,-9999,-9999,-9999,-9999,-9999,-9999,-9999,-9999,-9999,-9999,-9999,-9999,-9999,-9999,-9999,-9999,-9999,-9999,-9999,-9999,-9999,-9999
"27-08-2002",-9999,-9999,-9999,-9999,-9999,-9999,-9999,-9999,-9999,-9999,-9999,-9999,-9999,-9999,-9999,-9999,-9999,-9999,-9999,-9999,-9999,-9999,-9999,-9999
"28-08-2002",-9999,-9999,-9999,-9999,-9999,-9999,-9999,-9999,-9999,-9999,-9999,-9999,-9999,-9999,-9999,-9999,-9999,-9999,-9999,-9999,-9999,-9999,-9999,-9999
"29-08-2002",-9999,-9999,-9999,-9999,-9999,-9999,-9999,-9999,-9999,-9999,-9999,-9999,-9999,-9999,-9999,-9999,-9999,-9999,-9999,-9999,-9999,-9999,-9999,-9999
"30-08-2002",-9999,-9999,-9999,-9999,-9999,-9999,-9999,-9999,-9999,-9999,-9999,-9999,-9999,-9999,-9999,-9999,-9999,-9999,-9999,-9999,-9999,-9999,-9999,-9999
"31-08-2002",-9999,-9999,-9999,-9999,-9999,-9999,-9999,-9999,-9999,-9999,-9999,-9999,-9999,-9999,-9999,-9999,-9999,-9999,-9999,-9999,-9999,-9999,-9999,-9999
"01-09-2002",-9999,-9999,-9999,-9999,-9999,-9999,-9999,-9999,-9999,-9999,-9999,-9999,-9999,-9999,-9999,-9999,-9999,-9999,-9999,-9999,-9999,-9999,-9999,-9999
"02-09-2002",-9999,-9999,-9999,-9999,-9999,-9999,-9999,-9999,-9999,-9999,-9999,-9999,-9999,-9999,-9999,-9999,-9999,-9999,-9999,-9999,-9999,-9999,-9999,-9999
"03-09-2002",-9999,-9999,-9999,-9999,-9999,-9999,-9999,-9999,-9999,-9999,-9999,-9999,-9999,-9999,-9999,-9999,-9999,-9999,-9999,-9999,-9999,-9999,-9999,-9999
"04-09-2002",-9999,-9999,-9999,-9999,-9999,-9999,-9999,-9999,-9999,-9999,-9999,-9999,-9999,-9999,-9999,-9999,-9999,-9999,-9999,-9999,-9999,-9999,-9999,-9999
"05-09-2002",-9999,-9999,-9999,-9999,-9999,-9999,-9999,-9999,-9999,-9999,-9999,-9999,-9999,-9999,-9999,-9999,-9999,-9999,-9999,-9999,-9999,-9999,-9999,-9999
"06-09-2002",-9999,-9999,-9999,-9999,-9999,-9999,-9999,-9999,-9999,-9999,-9999,-9999,-9999,-9999,-9999,-9999,-9999,-9999,-9999,-9999,-9999,-9999,-9999,-9999
"07-09-2002",-9999,-9999,-9999,-9999,-9999,-9999,-9999,-9999,-9999,-9999,-9999,-9999,-9999,-9999,-9999,-9999,-9999,-9999,-9999,-9999,-9999,-9999,-9999,-9999
"08-09-2002",-9999,-9999,-9999,-9999,-9999,-9999,-9999,-9999,-9999,-9999,-9999,-9999,-9999,-9999,-9999,-9999,-9999,-9999,-9999,-9999,-9999,-9999,-9999,-9999
"09-09-2002",-9999,-9999,-9999,-9999,-9999,-9999,-9999,-9999,-9999,-9999,-9999,-9999,-9999,-9999,-9999,-9999,-9999,-9999,-9999,-9999,-9999,-9999,-9999,-9999
"10-09-2002",-9999,-9999,-9999,-9999,-9999,-9999,-9999,-9999,-9999,-9999,-9999,-9999,-9999,-9999,-9999,-9999,-9999,-9999,-9999,-9999,-9999,-9999,-9999,-9999
"11-09-2002",-9999,-9999,-9999,-9999,-9999,-9999,-9999,-9999,-9999,-9999,-9999,-9999,-9999,-9999,-9999,-9999,-9999,-9999,-9999,-9999,-9999,-9999,-9999,-9999
"12-09-2002",-9999,-9999,-9999,-9999,-9999,-9999,-9999,-9999,-9999,-9999,-9999,-9999,-9999,-9999,-9999,-9999,-9999,-9999,-9999,-9999,-9999,-9999,-9999,-9999
"13-09-2002",-9999,-9999,-9999,-9999,-9999,-9999,-9999,-9999,-9999,-9999,-9999,8,2,2,3,2,2,3,3,3,2,2,5,16
"14-09-2002",7,4,3,3,3,3,3,3,3,5,6,3,2,2,2,2,3,3,2,2,2,3,2,2
"15-09-2002",2,2,2,2,2,2,2,2,2,2,2,3,2,2,2,2,2,5,4,2,2,2,2,2
"16-09-2002",2,2,2,2,2,2,2,2,3,2,2,2,2,2,2,2,2,2,2,2,2,2,2,2
"17-09-2002",2,2,2,2,2,2,2,2,4,4,2,2,2,3,2,2,2,2,2,2,2,3,3,3
"18-09-2002",2,3,2,2,2,2,2,2,2,4,6,2,2,2,2,2,2,2,2,3,4,4,2,3
"19-09-2002",3,3,3,2,2,2,2,-9999,-9999,-9999,-9999,10,2,2,2,2,2,2,2,3,6,3,2,2
"20-09-2002",3,2,2,2,2,2,2,2,2,7,25,5,2,2,2,2,2,2,2,2,4,5,4,3
"21-09-2002",3,3,2,2,3,2,2,2,2,11,18,6,3,5,3,3,2,2,2,2,3,4,3,2
"22-09-2002",2,2,5,2,3,3,2,2,2,4,2,2,3,2,2,2,2,2,2,2,2,2,2,2
"23-09-2002",2,3,5,2,10,8,7,7,11,8,4,3,2,2,2,2,2,2,2,2,2,2,2,2
"24-09-2002",2,2,2,2,2,2,2,2,2,2,2,3,5,2,2,2,2,2,2,2,2,2,2,6
"25-09-2002",3,4,2,3,3,2,2,2,2,22,4,4,2,5,3,2,2,2,2,2,2,2,2,2
"26-09-2002",2,2,2,2,2,2,2,2,2,2,2,2,2,2,7,11,27,5,3,3,3,6,8,24
"27-09-2002",12,17,4,26,3,5,9,3,3,2,2,2,2,2,6,5,2,2,2,2,3,4,2,3
"28-09-2002",2,2,2,2,2,2,2,2,3,12,45,8,14,6,2,2,2,3,2,9,10,3,2,2
"29-09-2002",2,2,2,2,2,2,2,2,2,3,2,2,2,2,2,2,2,2,2,2,2,2,2,2
"30-09-2002",3,2,4,2,2,2,2,2,2,3,3,2,2,2,2,2,2,2,2,8,3,3,2,2
"01-10-2002",2,2,2,2,2,2,2,2,2,5,3,2,2,2,2,2,2,2,2,2,2,2,2,2
"02-10-2002",3,5,2,2,2,2,2,6,5,3,3,3,2,2,2,2,2,2,2,2,2,-9999,-9999,-9999
"03-10-2002",-9999,-9999,-9999,-9999,-9999,-9999,-9999,-9999,-9999,6,4,6,2,2,2,2,2,2,2,2,3,2,2,2
"04-10-2002",2,2,2,2,2,2,2,2,2,3,2,2,2,2,2,2,2,2,2,2,2,2,2,2
"05-10-2002",2,2,2,2,2,2,2,2,2,2,3,3,3,2,2,2,2,2,2,6,8,5,4,3
"06-10-2002",3,4,5,3,2,4,4,2,2,3,3,5,2,2,2,2,2,2,2,2,2,2,3,2
"07-10-2002",2,3,2,2,3,16,6,3,5,4,2,2,2,2,2,6,8,2,3,2,2,2,5,6
"08-10-2002",3,2,2,2,2,3,2,2,2,2,3,2,2,2,2,3,8,2,2,2,2,2,2,2
"09-10-2002",2,2,2,2,2,2,2,2,2,6,10,7,2,2,2,2,2,2,2,2,3,3,3,2
"10-10-2002",2,2,2,2,2,2,2,2,-9999,-9999,-9999,-9999,-9999,6,2,2,2,2,2,2,2,2,2,2
"11-10-2002",2,6,8,3,8,6,3,2,2,12,3,2,2,2,2,2,2,2,2,2,2,2,2,2
"12-10-2002",2,2,2,2,2,2,2,2,2,2,2,2,2,2,2,2,2,2,2,2,2,2,2,2
"13-10-2002",2,2,2,2,2,2,2,2,2,2,2,2,2,2,2,2,2,2,2,2,2,2,2,2
"14-10-2002",2,2,2,2,2,2,2,2,2,2,2,2,2,2,2,2,2,2,2,2,2,2,2,2
"15-10-2002",2,2,2,2,2,2,2,6,4,5,2,21,9,3,2,2,2,2,2,2,3,3,3,2
"16-10-2002",2,2,2,2,2,2,2,2,2,7,6,3,2,2,2,2,2,2,2,2,2,2,2,2
"17-10-2002",2,2,2,2,2,2,2,2,2,2,2,2,2,2,2,2,2,2,2,2,2,2,2,2
"18-10-2002",2,2,2,2,2,2,2,2,2,2,2,2,2,2,2,2,2,2,2,2,2,2,2,2
"19-10-2002",2,2,2,2,2,2,2,2,2,2,2,2,2,2,2,2,2,2,3,3,2,2,2,2
"20-10-2002",2,2,2,2,2,2,2,2,2,2,2,2,2,2,2,2,2,2,2,2,2,2,2,2
"21-10-2002",2,2,2,2,2,2,2,2,2,2,2,2,2,2,2,2,2,2,3,2,2,2,2,2
"22-10-2002",2,2,2,2,2,2,2,2,2,2,2,2,3,4,2,2,2,2,2,2,2,2,3,3
"23-10-2002",3,2,2,2,2,2,2,2,2,7,6,3,8,2,2,2,2,2,2,2,2,2,2,2
"24-10-2002",2,2,2,2,2,2,2,2,2,2,3,2,2,2,2,2,2,2,2,2,2,2,2,2
"25-10-2002",2,2,2,2,2,2,2,2,2,2,2,2,2,2,2,2,2,2,2,2,2,3,3,3
"26-10-2002",2,2,2,2,2,2,2,2,2,2,2,2,2,2,2,2,2,2,2,2,2,2,2,2
"27-10-2002",2,2,2,2,2,2,2,2,2,2,2,2,2,2,2,2,2,2,2,2,2,2,2,2
"28-10-2002",2,2,2,2,2,2,2,2,2,2,2,2,2,2,2,2,2,2,2,2,3,3,2,2
"29-10-2002",2,2,2,2,2,2,2,2,2,2,2,2,2,2,2,2,2,2,2,2,2,2,2,2
"30-10-2002",2,2,2,2,2,2,2,2,2,2,2,2,2,3,3,3,2,2,2,2,2,2,2,2
"31-10-2002",2,2,2,2,2,2,2,2,2,2,2,2,2,2,2,2,2,2,4,4,4,4,4,3
"01-11-2002",2,2,2,2,2,2,2,2,2,2,2,2,2,2,2,2,2,3,2,2,2,2,2,2
"02-11-2002",2,2,2,2,2,2,2,2,2,2,2,2,2,2,2,2,2,2,3,3,2,2,2,2
"03-11-2002",2,2,2,2,2,2,2,2,2,2,2,2,3,2,2,2,2,3,4,4,4,3,2,2
"04-11-2002",2,2,2,2,2,2,2,2,3,2,2,3,3,2,2,3,3,2,3,3,4,5,6,6
"05-11-2002",4,6,7,6,5,5,6,4,5,5,6,5,5,4,4,3,3,3,3,4,5,5,6,5
"06-11-2002",4,5,4,3,4,4,4,4,4,4,4,4,4,3,3,3,3,3,3,3,2,2,2,2
"07-11-2002",2,2,2,2,2,2,2,2,2,2,2,2,-9999,-9999,2,2,3,3,2,2,2,2,2,2
"08-11-2002",2,2,2,2,2,2,2,2,2,2,2,2,2,2,2,2,2,3,3,3,3,2,2,2
"09-11-2002",2,2,2,2,2,2,2,2,2,2,2,2,2,2,2,2,2,2,2,2,2,2,2,2
"10-11-2002",2,2,2,2,2,2,2,2,2,2,2,2,2,2,2,2,2,2,2,3,5,4,3,3
"11-11-2002",2,2,2,2,2,2,2,2,2,2,2,2,2,2,2,2,2,2,2,2,2,2,2,2
"12-11-2002",2,2,2,2,2,2,2,2,2,2,2,2,2,2,2,2,2,2,3,3,3,3,3,2
"13-11-2002",2,2,2,2,2,2,2,2,2,2,2,2,2,2,2,2,2,3,4,4,5,3,3,2
"14-11-2002",2,2,2,2,2,2,2,2,2,2,2,2,2,3,4,5,6,6,8,10,7,7,6,4
"15-11-2002",3,3,2,2,2,2,2,2,3,4,5,3,4,6,8,8,8,8,9,9,9,9,7,6
"16-11-2002",5,3,2,2,2,2,2,2,2,2,2,2,3,5,5,5,5,6,7,7,8,7,6,5
"17-11-2002",3,2,2,2,2,2,2,2,2,2,2,2,2,4,6,7,7,7,7,9,9,7,6,5
"18-11-2002",4,3,2,2,2,2,2,2,3,3,3,4,5,6,6,6,6,6,6,6,6,7,7,6
"19-11-2002",6,5,4,3,2,2,3,2,2,4,3,3,3,4,5,5,6,6,7,8,8,7,7,6
"20-11-2002",4,3,3,2,2,3,2,2,2,3,4,3,3,5,7,7,7,6,7,6,6,6,5,4
"21-11-2002",3,2,2,2,2,2,2,3,4,3,2,2,2,3,4,5,6,6,6,8,7,8,8,8
"22-11-2002",7,7,6,6,5,5,4,4,5,6,5,6,6,6,5,5,6,7,7,6,6,5,5,4
"23-11-2002",3,2,2,2,2,2,2,2,3,2,2,2,2,3,2,2,3,4,5,5,5,6,4,3
"24-11-2002",2,2,2,2,2,2,2,2,2,2,2,2,2,2,2,2,3,6,6,5,5,4,3,3
"25-11-2002",2,2,2,2,2,2,2,2,4,2,2,2,2,2,2,3,4,4,6,6,7,9,6,4
"26-11-2002",3,2,2,2,2,2,2,2,3,2,2,2,2,3,5,6,7,8,8,8,7,7,6,5
"27-11-2002",4,4,4,4,4,4,5,5,5,5,5,5,5,4,5,5,5,7,7,7,7,6,5,5
"28-11-2002",5,5,5,5,4,4,5,5,6,6,6,6,8,7,7,7,7,7,8,8,8,7,6,6
"29-11-2002",6,5,5,5,5,5,6,6,7,7,6,6,6,6,6,7,8,9,10,9,7,6,6,5
"30-11-2002",4,3,3,3,2,2,2,2,3,3,3,4,4,4,5,6,7,7,8,9,8,7,7,6
"01-12-2002",5,5,5,4,3,3,3,3,3,3,3,4,5,5,6,7,7,8,8,8,8,7,7,7
"02-12-2002",8,7,8,8,8,7,8,8,8,9,9,9,10,11,10,9,8,7,7,7,7,8,7,6
"03-12-2002",6,5,5,4,4,4,4,4,4,4,4,4,4,6,7,10,11,10,9,7,6,5,5,5
"04-12-2002",4,4,4,4,4,4,4,4,4,5,6,6,7,5,6,5,5,6,6,5,5,6,6,5
"05-12-2002",4,4,3,3,3,3,3,3,4,3,4,4,4,5,6,6,7,7,6,6,6,5,4,3
"06-12-2002",3,2,2,2,2,2,2,2,2,2,2,2,2,2,3,4,5,6,8,10,10,9,9,8
"07-12-2002",6,5,4,4,4,3,3,3,3,4,4,5,5,6,7,6,6,6,8,8,7,7,6,6
"08-12-2002",5,4,3,3,2,2,2,2,2,2,2,2,2,2,2,2,2,2,2,2,2,2,2,2
"09-12-2002",2,2,2,2,2,2,2,2,2,2,2,2,2,2,2,2,2,2,2,2,2,2,2,2
"10-12-2002",2,2,2,2,2,2,2,2,2,2,2,2,2,2,2,2,2,2,2,2,2,2,2,2
"11-12-2002",2,2,2,2,2,2,2,2,2,2,2,2,2,2,2,2,2,2,2,2,3,3,3,3
"12-12-2002",2,2,2,2,2,3,3,3,-9999,-9999,-9999,-9999,-9999,-9999,5,2,2,2,3,3,3,4,4,3
"13-12-2002",3,3,3,3,3,3,3,3,3,3,2,3,3,3,3,3,3,3,3,3,3,3,2,2
"14-12-2002",2,2,3,3,3,3,3,3,3,3,3,3,3,3,2,2,2,2,2,3,3,3,3,3
"15-12-2002",3,3,3,3,3,3,3,3,3,3,3,3,3,3,4,4,5,5,6,6,6,5,5,5
"16-12-2002",4,4,3,3,3,3,3,3,5,5,3,3,3,3,4,5,5,6,6,5,5,4,3,3
"17-12-2002",3,3,3,2,2,2,2,2,2,3,2,2,2,2,3,4,5,6,7,6,4,4,3,3
"18-12-2002",3,2,2,2,2,2,2,2,3,3,3,3,3,3,2,3,3,5,7,8,7,5,4,4
"19-12-2002",4,4,4,3,2,2,2,2,2,2,2,2,2,2,2,2,2,2,2,2,2,2,2,2
"20-12-2002",2,2,3,3,3,3,4,5,5,4,4,4,4,4,4,5,4,4,3,4,4,4,3,3
"21-12-2002",3,2,2,2,2,2,2,2,2,2,2,2,2,2,2,2,2,2,3,3,4,4,2,2
"22-12-2002",2,2,2,2,2,2,2,2,2,2,2,2,2,2,2,2,2,2,2,3,5,5,3,2
"23-12-2002",2,2,2,2,2,2,2,2,4,4,2,2,2,2,3,4,4,5,8,7,5,7,7,5
"24-12-2002",4,3,3,3,3,3,3,3,5,5,3,3,3,3,4,5,8,10,12,10,8,9,9,7
"25-12-2002",7,8,7,6,6,6,6,6,6,7,6,7,8,8,8,7,7,6,5,5,4,4,4,4
"26-12-2002",4,4,3,3,3,2,2,2,2,2,2,2,2,2,2,2,2,2,2,2,2,2,2,2
"27-12-2002",2,2,2,2,2,2,2,2,2,2,2,2,2,2,2,2,2,3,3,3,3,3,4,4
"28-12-2002",3,2,2,2,2,2,2,2,2,2,2,2,2,2,2,2,4,8,9,9,8,8,9,9
"29-12-2002",10,12,12,12,13,14,15,15,15,15,13,10,12,12,10,12,14,14,14,14,13,12,12,11
"30-12-2002",9,7,6,5,4,4,4,4,4,4,3,3,5,7,9,12,16,16,15,14,12,12,10,9
"31-12-2002",7,5,4,4,3,3,3,3,3,3,3,3,3,6,8,11,12,15,13,13,14,13,14,15

